signatureID	PROBE	ID_geneid	Name_GeneSymbol	Value_LogDiffExp	Significance_pvalue
LINCSCP_67472	NA	4303	FOXO4	5.0009	2e-4
LINCSCP_67472	NA	11031	RAB31	4.1884	0.0012
LINCSCP_67472	NA	5925	RB1	-3.1237	0.0028
LINCSCP_67472	NA	5357	PLS1	-3.3451	0.003
LINCSCP_67472	NA	79080	CCDC86	-2.8456	0.0051
LINCSCP_67472	NA	5480	PPIC	2.7826	0.0054
LINCSCP_67472	NA	5899	RALB	2.6675	0.006
LINCSCP_67472	NA	11098	PRSS23	2.9518	0.0062
LINCSCP_67472	NA	58497	PRUNE	2.8282	0.0069
LINCSCP_67472	NA	2582	GALE	2.54	0.0072
LINCSCP_67472	NA	5836	PYGL	2.8064	0.0082
LINCSCP_67472	NA	54205	CYCS	-2.8083	0.0082
LINCSCP_67472	NA	64429	ZDHHC6	-2.6715	0.0088
LINCSCP_67472	NA	3033	HADH	-2.3818	0.0095
LINCSCP_67472	NA	8508	NIPSNAP1	2.3172	0.0106
LINCSCP_67472	NA	23038	WDTC1	2.3422	0.011
LINCSCP_67472	NA	2745	GLRX	2.2487	0.0121
LINCSCP_67472	NA	22809	ATF5	-2.4339	0.0123
LINCSCP_67472	NA	9961	MVP	2.5968	0.0129
LINCSCP_67472	NA	427	ASAH1	-2.44	0.0154
LINCSCP_67472	NA	2690	GHR	-2.266	0.018
LINCSCP_67472	NA	5720	PSME1	2.0703	0.0183
LINCSCP_67472	NA	8678	BECN1	2.0482	0.0193
LINCSCP_67472	NA	23149	FCHO1	2.1338	0.0193
LINCSCP_67472	NA	6919	TCEA2	2.2458	0.0199
LINCSCP_67472	NA	9016	SLC25A14	2.1448	0.0201
LINCSCP_67472	NA	10857	PGRMC1	2.0789	0.0201
LINCSCP_67472	NA	25805	BAMBI	2.0153	0.0219
LINCSCP_67472	NA	3066	HDAC2	1.9632	0.0241
LINCSCP_67472	NA	9690	UBE3C	-4.3263	0.0249
LINCSCP_67472	NA	11230	PRAF2	1.9442	0.0257
LINCSCP_67472	NA	466	ATF1	-2.8365	0.0271
LINCSCP_67472	NA	51026	GOLT1B	-1.8552	0.0274
LINCSCP_67472	NA	9552	SPAG7	-1.827	0.0284
LINCSCP_67472	NA	10589	DRAP1	1.857	0.0284
LINCSCP_67472	NA	5777	PTPN6	1.8252	0.0288
LINCSCP_67472	NA	9375	TM9SF2	-2.3374	0.029
LINCSCP_67472	NA	8550	MAPKAPK5	2.3502	0.0297
LINCSCP_67472	NA	831	CAST	-3.146	0.03
LINCSCP_67472	NA	3978	LIG1	-1.7991	0.0301
LINCSCP_67472	NA	5831	PYCR1	1.8152	0.0301
LINCSCP_67472	NA	1983	EIF5	-2.6136	0.0304
LINCSCP_67472	NA	1017	CDK2	-1.8074	0.0306
LINCSCP_67472	NA	9212	AURKB	-1.8304	0.0308
LINCSCP_67472	NA	10153	CEBPZ	2.7319	0.0341
LINCSCP_67472	NA	5529	PPP2R5E	1.7494	0.0344
LINCSCP_67472	NA	4125	MAN2B1	1.8612	0.0346
LINCSCP_67472	NA	9134	CCNE2	-1.7037	0.0367
LINCSCP_67472	NA	5747	PTK2	1.9364	0.0368
LINCSCP_67472	NA	5257	PHKB	1.7276	0.0372
LINCSCP_67472	NA	780	DDR1	1.687	0.038
LINCSCP_67472	NA	55256	ADI1	-3.4209	0.0381
LINCSCP_67472	NA	26136	TES	-5.2219	0.0396
LINCSCP_67472	NA	84722	PSRC1	-4.1085	0.0398
LINCSCP_67472	NA	6342	SCP2	1.6771	0.0403
LINCSCP_67472	NA	7690	ZNF131	1.6932	0.0407
LINCSCP_67472	NA	11344	TWF2	1.9216	0.0409
LINCSCP_67472	NA	4043	LRPAP1	-1.699	0.0409
LINCSCP_67472	NA	11011	TLK2	1.9215	0.0415
LINCSCP_67472	NA	388650	FAM69A	-4.548	0.0432
LINCSCP_67472	NA	23325	KIAA1033	-1.6509	0.0434
LINCSCP_67472	NA	51569	UFM1	-1.7873000000000001	0.0437
LINCSCP_67472	NA	8440	NCK2	-2.3422	0.0442
LINCSCP_67472	NA	10732	TCFL5	2.2198	0.0449
LINCSCP_67472	NA	2063	NR2F6	-1.7512	0.0449
LINCSCP_67472	NA	79716	NPEPL1	-1.7427	0.046
LINCSCP_67472	NA	84890	ADO	1.6569	0.0467
LINCSCP_67472	NA	23588	KLHDC2	1.616	0.0469
LINCSCP_67472	NA	7867	MAPKAPK3	-1.7996	0.047
LINCSCP_67472	NA	51031	GLOD4	-2.1883	0.0472
LINCSCP_67472	NA	54733	SLC35F2	1.6076	0.0472
LINCSCP_67472	NA	1635	DCTD	-1.5832	0.0487
LINCSCP_67472	NA	51203	NUSAP1	-1.7919	0.0491
LINCSCP_67472	NA	8870	IER3	1.8235	0.0491
LINCSCP_67472	NA	1500	CTNND1	-5.0488	0.0498
LINCSCP_67472	NA	5588	PRKCQ	-2.262	0.0501
LINCSCP_67472	NA	7153	TOP2A	-2.0754	0.0505
LINCSCP_67472	NA	5721	PSME2	-1.5954	0.0509
LINCSCP_67472	NA	54957	TXNL4B	1.7605	0.0509
LINCSCP_67472	NA	2624	GATA2	-1.5707	0.0525
LINCSCP_67472	NA	4851	NOTCH1	5	0.053
LINCSCP_67472	NA	7358	UGDH	1.5639	0.0537
LINCSCP_67472	NA	23670	TMEM2	1.5516	0.0538
LINCSCP_67472	NA	7027	TFDP1	-1.5396	0.054
LINCSCP_67472	NA	1050	CEBPA	1.5244	0.0543
LINCSCP_67472	NA	79947	DHDDS	-1.5258	0.0545
LINCSCP_67472	NA	2908	NR3C1	1.6478	0.0548
LINCSCP_67472	NA	9928	KIF14	-1.6158	0.0561
LINCSCP_67472	NA	25976	TIPARP	1.5905	0.057
LINCSCP_67472	NA	5440	POLR2K	-2.4575	0.0581
LINCSCP_67472	NA	23300	ATMIN	-1.5907	0.0582
LINCSCP_67472	NA	23659	PLA2G15	1.5388	0.0594
LINCSCP_67472	NA	39	ACAT2	-1.5324	0.0599
LINCSCP_67472	NA	7159	TP53BP2	-1.8237	0.0605
LINCSCP_67472	NA	5993	RFX5	1.6114	0.0606
LINCSCP_67472	NA	51070	NOSIP	-1.5334	0.0611
LINCSCP_67472	NA	10681	GNB5	1.6115	0.0611
LINCSCP_67472	NA	230	ALDOC	1.5641	0.0612
LINCSCP_67472	NA	1509	CTSD	1.6074	0.0621
LINCSCP_67472	NA	29082	CHMP4A	-1.6324	0.063
LINCSCP_67472	NA	5627	PROS1	2.0679	0.063
LINCSCP_67472	NA	4154	MBNL1	1.6141	0.0638
LINCSCP_67472	NA	23029	RBM34	-1.4422	0.0645
LINCSCP_67472	NA	23224	SYNE2	1.4711	0.0651
LINCSCP_67472	NA	965	CD58	1.7239	0.0652
LINCSCP_67472	NA	10276	NET1	1.4752	0.0659
LINCSCP_67472	NA	50810	HDGFRP3	-2.8665	0.0662
LINCSCP_67472	NA	51160	VPS28	-4.8145	0.0665
LINCSCP_67472	NA	11137	PWP1	-3.852	0.0667
LINCSCP_67472	NA	6509	SLC1A4	1.4273	0.0673
LINCSCP_67472	NA	23011	RAB21	1.9206	0.0679
LINCSCP_67472	NA	9455	HOMER2	-1.5758	0.0686
LINCSCP_67472	NA	10494	STK25	-2.1969	0.0688
LINCSCP_67472	NA	873	CBR1	1.4447	0.0689
LINCSCP_67472	NA	25966	C2CD2	1.4098	0.0695
LINCSCP_67472	NA	652	BMP4	1.5132	0.0696
LINCSCP_67472	NA	23210	JMJD6	1.4576	0.0718
LINCSCP_67472	NA	11065	UBE2C	-1.437	0.0723
LINCSCP_67472	NA	9712	USP6NL	1.7199	0.0725
LINCSCP_67472	NA	351	APP	-1.3812	0.0762
LINCSCP_67472	NA	890	CCNA2	-1.3775	0.0762
LINCSCP_67472	NA	949	SCARB1	1.4166	0.0765
LINCSCP_67472	NA	2810	SFN	2.0297	0.0772
LINCSCP_67472	NA	51375	SNX7	-1.5758	0.0775
LINCSCP_67472	NA	1738	DLD	-1.8316	0.0779
LINCSCP_67472	NA	3385	ICAM3	-1.4526	0.0786
LINCSCP_67472	NA	79071	ELOVL6	1.3479	0.0794
LINCSCP_67472	NA	6813	STXBP2	-1.3703	0.0796
LINCSCP_67472	NA	9143	SYNGR3	2.0974	0.0809
LINCSCP_67472	NA	80204	FBXO11	4.4103	0.0811
LINCSCP_67472	NA	2920	CXCL2	-1.5006	0.0814
LINCSCP_67472	NA	5054	SERPINE1	-1.446	0.0821
LINCSCP_67472	NA	25803	SPDEF	1.4264	0.0826
LINCSCP_67472	NA	5566	PRKACA	-1.7174	0.0831
LINCSCP_67472	NA	6772	STAT1	-1.4075	0.0831
LINCSCP_67472	NA	10285	SMNDC1	1.3239	0.0835
LINCSCP_67472	NA	6464	SHC1	1.4963	0.084
LINCSCP_67472	NA	3280	HES1	1.735	0.0841
LINCSCP_67472	NA	23039	XPO7	-1.4249	0.0844
LINCSCP_67472	NA	10007	GNPDA1	-1.3527	0.0847
LINCSCP_67472	NA	8574	AKR7A2	-1.3057	0.0872
LINCSCP_67472	NA	665	BNIP3L	1.3012	0.0887
LINCSCP_67472	NA	9703	KIAA0100	1.3125	0.089
LINCSCP_67472	NA	6284	S100A13	-1.7781	0.0903
LINCSCP_67472	NA	976	ADGRE5	1.2932	0.0904
LINCSCP_67472	NA	6856	SYPL1	1.3017	0.0906
LINCSCP_67472	NA	5423	POLB	-1.3278	0.0932
LINCSCP_67472	NA	25874	MPC2	1.353	0.0949
LINCSCP_67472	NA	27336	HTATSF1	-1.2663	0.095
LINCSCP_67472	NA	10898	CPSF4	1.2705	0.0979
LINCSCP_67472	NA	1891	ECH1	1.2631	0.0984
LINCSCP_67472	NA	10112	KIF20A	-1.3014	0.0985
LINCSCP_67472	NA	79850	FAM57A	1.2529	0.1001
LINCSCP_67472	NA	5096	PCCB	-1.4971	0.1001
LINCSCP_67472	NA	54499	TMCO1	1.2738	0.1004
LINCSCP_67472	NA	11261	CHP1	1.6876	0.1005
LINCSCP_67472	NA	5300	PIN1	1.2546	0.1017
LINCSCP_67472	NA	22796	COG2	-4.4367	0.1018
LINCSCP_67472	NA	23647	ARFIP2	1.2718	0.1023
LINCSCP_67472	NA	6603	SMARCD2	1.2304	0.1025
LINCSCP_67472	NA	8204	NRIP1	-1.753	0.1029
LINCSCP_67472	NA	3108	HLA-DMA	1.2285	0.1031
LINCSCP_67472	NA	10165	SLC25A13	-1.2956	0.1032
LINCSCP_67472	NA	1848	DUSP6	-1.2257	0.1036
LINCSCP_67472	NA	9448	MAP4K4	-1.2753	0.1042
LINCSCP_67472	NA	57178	ZMIZ1	-1.2168	0.1057
LINCSCP_67472	NA	10221	TRIB1	-1.4143	0.1057
LINCSCP_67472	NA	4331	MNAT1	-1.2645	0.1058
LINCSCP_67472	NA	5223	PGAM1	-2.9118	0.1076
LINCSCP_67472	NA	6443	SGCB	2.1597	0.1088
LINCSCP_67472	NA	9267	CYTH1	1.226	0.1113
LINCSCP_67472	NA	3775	KCNK1	-1.2303	0.1113
LINCSCP_67472	NA	10146	G3BP1	-1.2236	0.1119
LINCSCP_67472	NA	5982	RFC2	1.2827	0.1125
LINCSCP_67472	NA	9261	MAPKAPK2	1.433	0.1128
LINCSCP_67472	NA	9702	CEP57	-1.2014	0.1132
LINCSCP_67472	NA	23499	MACF1	1.3548	0.1143
LINCSCP_67472	NA	4931	NVL	-1.1801	0.1146
LINCSCP_67472	NA	11142	PKIG	1.3202	0.1152
LINCSCP_67472	NA	79090	TRAPPC6A	1.4835	0.1152
LINCSCP_67472	NA	10398	MYL9	-1.2248000000000001	0.1152
LINCSCP_67472	NA	9467	SH3BP5	-1.2256	0.1158
LINCSCP_67472	NA	2548	GAA	-1.1891	0.1161
LINCSCP_67472	NA	9805	SCRN1	1.1971	0.1166
LINCSCP_67472	NA	23326	USP22	-1.2902	0.118
LINCSCP_67472	NA	22926	ATF6	-1.4243	0.119
LINCSCP_67472	NA	3315	HSPB1	1.1918	0.1195
LINCSCP_67472	NA	7106	TSPAN4	1.1671	0.1204
LINCSCP_67472	NA	10557	RPP38	1.1579	0.1207
LINCSCP_67472	NA	1454	CSNK1E	-1.271	0.1225
LINCSCP_67472	NA	9246	UBE2L6	1.1486	0.124
LINCSCP_67472	NA	2523	FUT1	-1.2591	0.1256
LINCSCP_67472	NA	5018	OXA1L	-1.6831	0.1258
LINCSCP_67472	NA	8569	MKNK1	1.1337	0.1266
LINCSCP_67472	NA	29763	PACSIN3	1.1577	0.1279
LINCSCP_67472	NA	8518	IKBKAP	-1.1612	0.1283
LINCSCP_67472	NA	6793	STK10	-1.1994	0.1293
LINCSCP_67472	NA	23014	FBXO21	-1.1442	0.1325
LINCSCP_67472	NA	4582	MUC1	1.1112	0.1331
LINCSCP_67472	NA	51005	AMDHD2	1.2891	0.1347
LINCSCP_67472	NA	7319	UBE2A	-1.1693	0.135
LINCSCP_67472	NA	5829	PXN	1.1413	0.1354
LINCSCP_67472	NA	9688	NUP93	-1.1569	0.1358
LINCSCP_67472	NA	22827	PUF60	-4.1476	0.1362
LINCSCP_67472	NA	57192	MCOLN1	1.1061	0.1368
LINCSCP_67472	NA	8480	RAE1	1.0986	0.1373
LINCSCP_67472	NA	8996	NOL3	-1.0959	0.1376
LINCSCP_67472	NA	51465	UBE2J1	1.597	0.1378
LINCSCP_67472	NA	5321	PLA2G4A	-1.2237	0.1384
LINCSCP_67472	NA	891	CCNB1	-1.2661	0.1387
LINCSCP_67472	NA	81533	ITFG1	1.107	0.1403
LINCSCP_67472	NA	10559	SLC35A1	1.0847	0.141
LINCSCP_67472	NA	10049	DNAJB6	-1.2227	0.1415
LINCSCP_67472	NA	9221	NOLC1	-1.2954	0.1415
LINCSCP_67472	NA	65057	ACD	-1.4606	0.1424
LINCSCP_67472	NA	9133	CCNB2	-1.1056	0.1431
LINCSCP_67472	NA	7015	TERT	-1.084	0.1437
LINCSCP_67472	NA	9491	PSMF1	-1.0974	0.1447
LINCSCP_67472	NA	7511	XPNPEP1	1.0706	0.1453
LINCSCP_67472	NA	10668	CGRRF1	1.2175	0.1456
LINCSCP_67472	NA	23368	PPP1R13B	-1.2166	0.1464
LINCSCP_67472	NA	10150	MBNL2	1.2941	0.1474
LINCSCP_67472	NA	2309	FOXO3	1.1214	0.1476
LINCSCP_67472	NA	23097	CDK19	1.9386	0.1481
LINCSCP_67472	NA	329	BIRC2	-1.3862	0.149
LINCSCP_67472	NA	27032	ATP2C1	-1.0594	0.1491
LINCSCP_67472	NA	10973	ASCC3	1.0699	0.1498
LINCSCP_67472	NA	7088	TLE1	1.07	0.1504
LINCSCP_67472	NA	9915	ARNT2	-1.0895	0.1505
LINCSCP_67472	NA	50814	NSDHL	1.318	0.1506
LINCSCP_67472	NA	6697	SPR	-1.0522	0.1512
LINCSCP_67472	NA	6810	STX4	1.0638	0.1532
LINCSCP_67472	NA	51170	HSD17B11	1.2767	0.1545
LINCSCP_67472	NA	11200	CHEK2	1.1666	0.1622
LINCSCP_67472	NA	29890	RBM15B	-1.134	0.1628
LINCSCP_67472	NA	5347	PLK1	-1.0985	0.1647
LINCSCP_67472	NA	7485	WRB	1.0218	0.1648
LINCSCP_67472	NA	8914	TIMELESS	-1.0463	0.1669
LINCSCP_67472	NA	51053	GMNN	-1.5006	0.1693
LINCSCP_67472	NA	102	ADAM10	1.1724	0.1701
LINCSCP_67472	NA	9653	HS2ST1	-1.067	0.171
LINCSCP_67472	NA	55179	FAIM	-0.995	0.1711
LINCSCP_67472	NA	66008	TRAK2	1.2928	0.1717
LINCSCP_67472	NA	10329	TMEM5	1.4257	0.172
LINCSCP_67472	NA	5710	PSMD4	-1.876	0.1729
LINCSCP_67472	NA	4925	NUCB2	1.0039	0.1733
LINCSCP_67472	NA	5613	PRKX	-1.0531	0.1733
LINCSCP_67472	NA	4638	MYLK	-1.2646	0.1739
LINCSCP_67472	NA	6118	RPA2	-1.1142	0.1743
LINCSCP_67472	NA	1514	CTSL	1.0759	0.1748
LINCSCP_67472	NA	6009	RHEB	1.003	0.1756
LINCSCP_67472	NA	1213	CLTC	-1.0092	0.1789
LINCSCP_67472	NA	994	CDC25B	1.1253	0.1795
LINCSCP_67472	NA	57048	PLSCR3	1.0824	0.18
LINCSCP_67472	NA	1452	CSNK1A1	0.9732	0.1804
LINCSCP_67472	NA	23200	ATP11B	1.0171	0.1806
LINCSCP_67472	NA	5708	PSMD2	-0.9714	0.1807
LINCSCP_67472	NA	1846	DUSP4	1.1001	0.183
LINCSCP_67472	NA	22905	EPN2	-1.1964	0.1843
LINCSCP_67472	NA	57215	THAP11	0.9604	0.1844
LINCSCP_67472	NA	10180	RBM6	-1.0148	0.1854
LINCSCP_67472	NA	29916	SNX11	-1.084	0.1866
LINCSCP_67472	NA	10489	LRRC41	1.0209	0.1881
LINCSCP_67472	NA	27095	TRAPPC3	0.9854	0.1893
LINCSCP_67472	NA	29928	TIMM22	1.0152	0.1894
LINCSCP_67472	NA	55008	HERC6	0.9468	0.191
LINCSCP_67472	NA	7849	PAX8	1.0751	0.1917
LINCSCP_67472	NA	2109	ETFB	0.9454	0.1919
LINCSCP_67472	NA	80349	WDR61	0.9905	0.1936
LINCSCP_67472	NA	2625	GATA3	0.9643	0.194
LINCSCP_67472	NA	9761	MLEC	0.9356	0.1951
LINCSCP_67472	NA	991	CDC20	-1.0227	0.1958
LINCSCP_67472	NA	23013	SPEN	1.3509	0.1962
LINCSCP_67472	NA	1677	DFFB	-0.9804	0.1971
LINCSCP_67472	NA	94239	H2AFV	1.1083	0.1977
LINCSCP_67472	NA	55129	ANO10	1.218	0.1985
LINCSCP_67472	NA	22841	RAB11FIP2	-0.9444	0.1999
LINCSCP_67472	NA	3553	IL1B	-0.9417	0.2004
LINCSCP_67472	NA	10765	KDM5B	0.985	0.2004
LINCSCP_67472	NA	5654	HTRA1	-1.0632	0.201
LINCSCP_67472	NA	8985	PLOD3	-1.2938	0.2018
LINCSCP_67472	NA	56889	TM9SF3	-1.0028	0.2032
LINCSCP_67472	NA	5359	PLSCR1	-1.1338	0.2035
LINCSCP_67472	NA	10525	HYOU1	-0.9402	0.2045
LINCSCP_67472	NA	6915	TBXA2R	-0.9152	0.2048
LINCSCP_67472	NA	9128	PRPF4	-1.0606	0.2049
LINCSCP_67472	NA	10320	IKZF1	-0.9302	0.2066
LINCSCP_67472	NA	3988	LIPA	1.0259	0.2086
LINCSCP_67472	NA	26020	LRP10	0.9096	0.2089
LINCSCP_67472	NA	2542	SLC37A4	1.0538	0.2099
LINCSCP_67472	NA	55620	STAP2	1.283	0.2133
LINCSCP_67472	NA	9053	MAP7	0.8898	0.21560000000000001
LINCSCP_67472	NA	54807	ZNF586	-0.8894	0.2158
LINCSCP_67472	NA	8318	CDC45	-0.9032	0.2162
LINCSCP_67472	NA	2017	CTTN	-1.1531	0.217
LINCSCP_67472	NA	1759	DNM1	1.0831	0.2175
LINCSCP_67472	NA	823	CAPN1	0.9004	0.2181
LINCSCP_67472	NA	5058	PAK1	-0.8903	0.219
LINCSCP_67472	NA	55127	HEATR1	1.0409	0.2213
LINCSCP_67472	NA	25932	CLIC4	0.8761	0.222
LINCSCP_67472	NA	51282	SCAND1	0.8695	0.2235
LINCSCP_67472	NA	8900	CCNA1	1.1367	0.2247
LINCSCP_67472	NA	2553	GABPB1	0.9204	0.2263
LINCSCP_67472	NA	8607	RUVBL1	0.8734	0.2274
LINCSCP_67472	NA	6696	SPP1	0.8601	0.2279
LINCSCP_67472	NA	8324	FZD7	0.9736	0.2291
LINCSCP_67472	NA	24149	ZNF318	-1.3568	0.2299
LINCSCP_67472	NA	11072	DUSP14	-1.1208	0.2312
LINCSCP_67472	NA	9276	COPB2	0.8634	0.2319
LINCSCP_67472	NA	65123	INTS3	0.9966	0.2333
LINCSCP_67472	NA	1062	CENPE	1.2548	0.2336
LINCSCP_67472	NA	25793	FBXO7	-0.8496	0.2359
LINCSCP_67472	NA	10318	TNIP1	0.8642	0.237
LINCSCP_67472	NA	30	ACAA1	-0.8437	0.2373
LINCSCP_67472	NA	4144	MAT2A	-1.1281	0.2375
LINCSCP_67472	NA	5898	RALA	-0.8402	0.2401
LINCSCP_67472	NA	23212	RRS1	1.837	0.2418
LINCSCP_67472	NA	1788	DNMT3A	-0.8818	0.2425
LINCSCP_67472	NA	3964	LGALS8	1.1241	0.2427
LINCSCP_67472	NA	22908	SACM1L	-1.0575	0.2432
LINCSCP_67472	NA	3329	HSPD1	-0.9778	0.2442
LINCSCP_67472	NA	5603	MAPK13	0.9478	0.2456
LINCSCP_67472	NA	2778	GNAS	1.5294	0.246
LINCSCP_67472	NA	4860	PNP	-1.3611	0.247
LINCSCP_67472	NA	2222	FDFT1	0.8772	0.2472
LINCSCP_67472	NA	10782	ZNF274	0.8208	0.2477
LINCSCP_67472	NA	7099	TLR4	-1.082	0.2478
LINCSCP_67472	NA	1001	CDH3	0.8222	0.2478
LINCSCP_67472	NA	51382	ATP6V1D	0.8333	0.2479
LINCSCP_67472	NA	10962	MLLT11	0.8361	0.2483
LINCSCP_67472	NA	51385	ZNF589	1.1929	0.2486
LINCSCP_67472	NA	3416	IDE	-0.8247	0.2492
LINCSCP_67472	NA	10206	TRIM13	0.819	0.2501
LINCSCP_67472	NA	6599	SMARCC1	-0.8288	0.2502
LINCSCP_67472	NA	25	ABL1	-0.917	0.2507
LINCSCP_67472	NA	8895	CPNE3	-1.1018	0.2508
LINCSCP_67472	NA	7994	KAT6A	-0.8678	0.2516
LINCSCP_67472	NA	672	BRCA1	-0.8434	0.2522
LINCSCP_67472	NA	23522	KAT6B	1.2482	0.2526
LINCSCP_67472	NA	9897	KIAA0196	-0.8138	0.2528
LINCSCP_67472	NA	1022	CDK7	0.8378	0.253
LINCSCP_67472	NA	10450	PPIE	-0.8101	0.2548
LINCSCP_67472	NA	2113	ETS1	-0.807	0.2556
LINCSCP_67472	NA	23131	GPATCH8	0.8047	0.256
LINCSCP_67472	NA	8974	P4HA2	0.8208	0.2565
LINCSCP_67472	NA	7416	VDAC1	1.0165	0.2572
LINCSCP_67472	NA	2886	GRB7	0.8636	0.2575
LINCSCP_67472	NA	3206	HOXA10	-0.8463	0.2576
LINCSCP_67472	NA	51024	FIS1	-1.799	0.258
LINCSCP_67472	NA	8624	PSMG1	-0.8126	0.2582
LINCSCP_67472	NA	55556	ENOSF1	0.8314	0.2601
LINCSCP_67472	NA	291	SLC25A4	-1.0567	0.2608
LINCSCP_67472	NA	23463	ICMT	0.7941	0.2618
LINCSCP_67472	NA	79961	DENND2D	-0.8011	0.2639
LINCSCP_67472	NA	5880	RAC2	-0.79	0.2645
LINCSCP_67472	NA	23142	DCUN1D4	1.1325	0.2657
LINCSCP_67472	NA	27109	ATP5S	-0.7929	0.2671
LINCSCP_67472	NA	23244	PDS5A	-0.8478	0.2673
LINCSCP_67472	NA	1026	CDKN1A	0.8919	0.2676
LINCSCP_67472	NA	4616	GADD45B	1.0123	0.2687
LINCSCP_67472	NA	533	ATP6V0B	0.7918	0.2691
LINCSCP_67472	NA	4776	NFATC4	-0.7921	0.2696
LINCSCP_67472	NA	9641	IKBKE	-0.7804	0.2705
LINCSCP_67472	NA	3628	INPP1	-0.8268	0.2712
LINCSCP_67472	NA	8835	SOCS2	0.9194	0.2713
LINCSCP_67472	NA	9851	KIAA0753	-0.7722	0.2737
LINCSCP_67472	NA	26001	RNF167	-0.7708	0.2752
LINCSCP_67472	NA	58533	SNX6	0.8147	0.2763
LINCSCP_67472	NA	5985	RFC5	-1.2521	0.2782
LINCSCP_67472	NA	5792	PTPRF	-0.771	0.2785
LINCSCP_67472	NA	5331	PLCB3	0.8525	0.2795
LINCSCP_67472	NA	7165	TPD52L2	0.8433	0.2798
LINCSCP_67472	NA	10298	PAK4	0.7988	0.2815
LINCSCP_67472	NA	5716	PSMD10	-0.7702	0.2818
LINCSCP_67472	NA	178	AGL	-0.8506	0.2828
LINCSCP_67472	NA	3895	KTN1	-0.809	0.2829
LINCSCP_67472	NA	54850	FBXL12	0.7762	0.2846
LINCSCP_67472	NA	6804	STX1A	-0.7538	0.2846
LINCSCP_67472	NA	3611	ILK	0.7952	0.2847
LINCSCP_67472	NA	836	CASP3	0.7596	0.2847
LINCSCP_67472	NA	51001	MTERF3	-0.748	0.2875
LINCSCP_67472	NA	63933	MCUR1	0.9884	0.288
LINCSCP_67472	NA	8243	SMC1A	-0.7507	0.288
LINCSCP_67472	NA	6597	SMARCA4	-0.7547	0.2883
LINCSCP_67472	NA	10451	VAV3	0.7512	0.2885
LINCSCP_67472	NA	4793	NFKBIB	0.7622	0.2888
LINCSCP_67472	NA	874	CBR3	0.9524	0.2907
LINCSCP_67472	NA	5154	PDGFA	0.739	0.2932
LINCSCP_67472	NA	6850	SYK	-0.744	0.2935
LINCSCP_67472	NA	813	CALU	-1.0994	0.2941
LINCSCP_67472	NA	4836	NMT1	-0.7408	0.2973
LINCSCP_67472	NA	6500	SKP1	0.738	0.2975
LINCSCP_67472	NA	1802	DPH2	-0.945	0.2978
LINCSCP_67472	NA	695	BTK	1.3072	0.2979
LINCSCP_67472	NA	1282	COL4A1	-0.7318	0.2984
LINCSCP_67472	NA	899	CCNF	-0.7484	0.2985
LINCSCP_67472	NA	5971	RELB	0.9348	0.2988
LINCSCP_67472	NA	57147	SCYL3	1.0903	0.2994
LINCSCP_67472	NA	55847	CISD1	-1.0621	0.2998
LINCSCP_67472	NA	3482	IGF2R	-0.99	0.304
LINCSCP_67472	NA	993	CDC25A	-0.8424	0.3044
LINCSCP_67472	NA	55825	PECR	0.8036	0.3049
LINCSCP_67472	NA	387	RHOA	0.8495	0.3059
LINCSCP_67472	NA	4312	MMP1	0.7292	0.3067
LINCSCP_67472	NA	10641	NPRL2	-0.7282	0.3079
LINCSCP_67472	NA	10670	RRAGA	0.778	0.3086
LINCSCP_67472	NA	26227	PHGDH	-0.9241	0.3093
LINCSCP_67472	NA	5467	PPARD	0.7522	0.3123
LINCSCP_67472	NA	55011	PIH1D1	0.9584	0.3129
LINCSCP_67472	NA	8396	PIP4K2B	-0.9686	0.3143
LINCSCP_67472	NA	10046	MAMLD1	0.723	0.3146
LINCSCP_67472	NA	2954	GSTZ1	0.8045	0.3164
LINCSCP_67472	NA	10775	POP4	0.7004	0.3169
LINCSCP_67472	NA	5525	PPP2R5A	-0.9832	0.3178
LINCSCP_67472	NA	9488	PIGB	-0.7554	0.3181
LINCSCP_67472	NA	3800	KIF5C	0.9814	0.3185
LINCSCP_67472	NA	25987	TSKU	0.8422	0.3192
LINCSCP_67472	NA	55837	EAPP	0.8	0.3211
LINCSCP_67472	NA	26128	KIF1BP	-0.8452	0.3216
LINCSCP_67472	NA	10610	ST6GALNAC2	-0.7698	0.3228
LINCSCP_67472	NA	9917	FAM20B	-0.6898	0.3233
LINCSCP_67472	NA	84159	ARID5B	-0.6902	0.3247
LINCSCP_67472	NA	5106	PCK2	-0.7326	0.3249
LINCSCP_67472	NA	355	FAS	-0.753	0.3314
LINCSCP_67472	NA	1534	CYB561	0.6784	0.3319
LINCSCP_67472	NA	2356	FPGS	0.8792	0.3321
LINCSCP_67472	NA	310	ANXA7	-0.686	0.3321
LINCSCP_67472	NA	4200	ME2	-0.7597	0.3328
LINCSCP_67472	NA	23223	RRP12	-0.6774	0.3342
LINCSCP_67472	NA	8444	DYRK3	0.7436	0.3346
LINCSCP_67472	NA	5788	PTPRC	0.6746	0.3349
LINCSCP_67472	NA	10099	TSPAN3	0.6794	0.3366
LINCSCP_67472	NA	4927	NUP88	0.6929	0.3366
LINCSCP_67472	NA	7168	TPM1	0.6874	0.3373
LINCSCP_67472	NA	10652	YKT6	0.6698	0.3373
LINCSCP_67472	NA	5827	PXMP2	0.7207	0.3405
LINCSCP_67472	NA	6777	STAT5B	-0.7682	0.3406
LINCSCP_67472	NA	83743	GRWD1	0.664	0.3412
LINCSCP_67472	NA	6182	MRPL12	0.6617	0.3421
LINCSCP_67472	NA	51495	HACD3	-0.7143	0.343
LINCSCP_67472	NA	1459	CSNK2A2	-0.7826	0.3438
LINCSCP_67472	NA	2852	GPER1	-0.7361	0.3441
LINCSCP_67472	NA	2736	GLI2	-0.6901	0.3448
LINCSCP_67472	NA	2288	FKBP4	-0.719	0.3455
LINCSCP_67472	NA	79143	MBOAT7	-0.6778	0.3458
LINCSCP_67472	NA	51466	EVL	0.9918	0.3473
LINCSCP_67472	NA	3162	HMOX1	0.678	0.3483
LINCSCP_67472	NA	55793	FAM63A	-0.7884	0.3516
LINCSCP_67472	NA	50865	HEBP1	0.6994	0.353
LINCSCP_67472	NA	11151	CORO1A	-0.6451	0.3533
LINCSCP_67472	NA	5891	MOK	-0.6791	0.3534
LINCSCP_67472	NA	8800	PEX11A	0.6984	0.3549
LINCSCP_67472	NA	85377	MICALL1	0.6528	0.3549
LINCSCP_67472	NA	4780	NFE2L2	-0.8214	0.3573
LINCSCP_67472	NA	84617	TUBB6	-0.9136	0.3581
LINCSCP_67472	NA	2961	GTF2E2	-0.6426	0.3583
LINCSCP_67472	NA	3930	LBR	0.6437	0.3598
LINCSCP_67472	NA	1605	DAG1	0.6346	0.3611
LINCSCP_67472	NA	7074	TIAM1	0.6464	0.3613
LINCSCP_67472	NA	5641	LGMN	-0.6331	0.3636
LINCSCP_67472	NA	10362	HMG20B	0.6293	0.3646
LINCSCP_67472	NA	10237	SLC35B1	0.6735	0.3658
LINCSCP_67472	NA	54623	PAF1	-0.7528	0.3717
LINCSCP_67472	NA	10059	DNM1L	-0.6185	0.3724
LINCSCP_67472	NA	3638	INSIG1	0.7194	0.3726
LINCSCP_67472	NA	57149	LYRM1	0.6838	0.3735
LINCSCP_67472	NA	2037	EPB41L2	-0.6175	0.374
LINCSCP_67472	NA	10730	YME1L1	-1.1217	0.3743
LINCSCP_67472	NA	64943	NT5DC2	0.6215	0.3783
LINCSCP_67472	NA	9650	MTFR1	-0.6767	0.3784
LINCSCP_67472	NA	332	BIRC5	0.6212	0.3787
LINCSCP_67472	NA	7982	ST7	-0.8396	0.3792
LINCSCP_67472	NA	8503	PIK3R3	0.607	0.3815
LINCSCP_67472	NA	6990	DYNLT3	-0.643	0.3818
LINCSCP_67472	NA	8573	CASK	0.6055	0.3818
LINCSCP_67472	NA	7296	TXNRD1	0.6432	0.3826
LINCSCP_67472	NA	392	ARHGAP1	-0.6417	0.3829
LINCSCP_67472	NA	3303	HSPA1A	-0.6074	0.3843
LINCSCP_67472	NA	9019	MPZL1	-0.6116	0.3881
LINCSCP_67472	NA	3925	STMN1	-0.7161	0.3893
LINCSCP_67472	NA	4775	NFATC3	-0.7279	0.3897
LINCSCP_67472	NA	595	CCND1	0.6048	0.3903
LINCSCP_67472	NA	23658	LSM5	-0.7856	0.3923
LINCSCP_67472	NA	11014	KDELR2	0.6018	0.3926
LINCSCP_67472	NA	4791	NFKB2	-0.6502	0.3931
LINCSCP_67472	NA	2817	GPC1	0.5899	0.3933
LINCSCP_67472	NA	7016	TESK1	-0.6006	0.3936
LINCSCP_67472	NA	23077	MYCBP2	-0.6085	0.3936
LINCSCP_67472	NA	64422	ATG3	0.6976	0.3938
LINCSCP_67472	NA	847	CAT	0.613	0.3946
LINCSCP_67472	NA	85236	HIST1H2BK	0.7622	0.3953
LINCSCP_67472	NA	54512	EXOSC4	0.6333	0.3955
LINCSCP_67472	NA	9842	PLEKHM1	0.716	0.3964
LINCSCP_67472	NA	3508	IGHMBP2	-0.8122	0.3975
LINCSCP_67472	NA	80347	COASY	0.5847	0.398
LINCSCP_67472	NA	10190	TXNDC9	-0.6678	0.4017
LINCSCP_67472	NA	79921	TCEAL4	0.598	0.4018
LINCSCP_67472	NA	6347	CCL2	-0.5847	0.4025
LINCSCP_67472	NA	5770	PTPN1	-0.5786	0.4026
LINCSCP_67472	NA	5111	PCNA	-0.6185	0.4029
LINCSCP_67472	NA	5427	POLE2	0.6026	0.4034
LINCSCP_67472	NA	23271	CAMSAP2	-0.6372	0.4038
LINCSCP_67472	NA	481	ATP1B1	0.622	0.4047
LINCSCP_67472	NA	9926	LPGAT1	-0.5746	0.405
LINCSCP_67472	NA	5547	PRCP	0.5802	0.405
LINCSCP_67472	NA	54386	TERF2IP	0.6113	0.4073
LINCSCP_67472	NA	5366	PMAIP1	-0.571	0.4095
LINCSCP_67472	NA	79902	NUP85	-0.5681	0.4101
LINCSCP_67472	NA	4783	NFIL3	0.6808	0.4107
LINCSCP_67472	NA	10434	LYPLA1	-0.5874	0.4108
LINCSCP_67472	NA	55038	CDCA4	-0.5671	0.4112
LINCSCP_67472	NA	93487	MAPK1IP1L	0.6597	0.4122
LINCSCP_67472	NA	3251	HPRT1	-0.6188	0.4138
LINCSCP_67472	NA	124583	CANT1	0.5633	0.4155
LINCSCP_67472	NA	9531	BAG3	0.632	0.4166
LINCSCP_67472	NA	3566	IL4R	-0.6009	0.4167
LINCSCP_67472	NA	1676	DFFA	-0.5932	0.4171
LINCSCP_67472	NA	54438	GFOD1	-0.6708	0.4193
LINCSCP_67472	NA	256364	EML3	0.5896	0.4197
LINCSCP_67472	NA	1616	DAXX	0.7286	0.4211
LINCSCP_67472	NA	10695	CNPY3	0.5732	0.4226
LINCSCP_67472	NA	4088	SMAD3	0.5486	0.4276
LINCSCP_67472	NA	664	BNIP3	0.5535	0.4291
LINCSCP_67472	NA	58478	ENOPH1	0.5478	0.4296
LINCSCP_67472	NA	983	CDK1	-0.5893	0.4298
LINCSCP_67472	NA	8321	FZD1	0.743	0.431
LINCSCP_67472	NA	55033	FKBP14	-0.555	0.4316
LINCSCP_67472	NA	27244	SESN1	0.5408	0.4317
LINCSCP_67472	NA	10058	ABCB6	-0.5395	0.4333
LINCSCP_67472	NA	5607	MAP2K5	0.6406	0.4335
LINCSCP_67472	NA	670	BPHL	-0.5366	0.4372
LINCSCP_67472	NA	8202	NCOA3	-0.5474	0.4403
LINCSCP_67472	NA	596	BCL2	-0.6869	0.4406
LINCSCP_67472	NA	29978	UBQLN2	-0.5436	0.4429
LINCSCP_67472	NA	9126	SMC3	-0.5534	0.4439
LINCSCP_67472	NA	11000	SLC27A3	-0.5404	0.4455
LINCSCP_67472	NA	2771	GNAI2	0.6626	0.4465
LINCSCP_67472	NA	572	BAD	-0.5532	0.4475
LINCSCP_67472	NA	6657	SOX2	-0.5258	0.4476
LINCSCP_67472	NA	1277	COL1A1	0.5903	0.4496
LINCSCP_67472	NA	701	BUB1B	-0.5145	0.4541
LINCSCP_67472	NA	79170	PRR15L	0.8166	0.4548
LINCSCP_67472	NA	1829	DSG2	0.519	0.4567
LINCSCP_67472	NA	11007	CCDC85B	0.585	0.4581
LINCSCP_67472	NA	1070	CETN3	-0.5347	0.4582
LINCSCP_67472	NA	128	ADH5	0.5704	0.4602
LINCSCP_67472	NA	4208	MEF2C	-0.6437	0.4603
LINCSCP_67472	NA	5715	PSMD9	0.5077	0.4613
LINCSCP_67472	NA	9903	KLHL21	-0.5042	0.4625
LINCSCP_67472	NA	4651	MYO10	-0.5032	0.4629
LINCSCP_67472	NA	1027	CDKN1B	0.5167	0.4635
LINCSCP_67472	NA	55324	ABCF3	-0.5484	0.4639
LINCSCP_67472	NA	4864	NPC1	-0.5229	0.4651
LINCSCP_67472	NA	9854	C2CD2L	-0.5038	0.4658
LINCSCP_67472	NA	4817	NIT1	0.5228	0.469
LINCSCP_67472	NA	4609	MYC	0.5314	0.4715
LINCSCP_67472	NA	3202	HOXA5	0.5756	0.4723
LINCSCP_67472	NA	10057	ABCC5	0.5	0.4739
LINCSCP_67472	NA	5900	RALGDS	-0.559	0.475
LINCSCP_67472	NA	10123	ARL4C	-0.4954	0.4768
LINCSCP_67472	NA	6714	SRC	0.5121	0.4769
LINCSCP_67472	NA	11044	PAPD7	-0.5511	0.477
LINCSCP_67472	NA	47	ACLY	0.4856	0.4779
LINCSCP_67472	NA	10644	IGF2BP2	0.4864	0.4781
LINCSCP_67472	NA	11182	SLC2A6	-0.6691	0.479
LINCSCP_67472	NA	3597	IL13RA1	0.5196	0.4807
LINCSCP_67472	NA	2146	EZH2	0.5222	0.4808
LINCSCP_67472	NA	10797	MTHFD2	-0.4828	0.4809
LINCSCP_67472	NA	2770	GNAI1	0.485	0.4813
LINCSCP_67472	NA	9093	DNAJA3	-0.4816	0.4814
LINCSCP_67472	NA	3480	IGF1R	0.5589	0.4818
LINCSCP_67472	NA	6253	RTN2	0.512	0.4835
LINCSCP_67472	NA	79006	METRN	0.5332	0.4835
LINCSCP_67472	NA	6616	SNAP25	-0.4904	0.4836
LINCSCP_67472	NA	80758	PRR7	0.4814	0.4836
LINCSCP_67472	NA	51071	DERA	-0.4826	0.4839
LINCSCP_67472	NA	8061	FOSL1	0.572	0.4859
LINCSCP_67472	NA	7020	TFAP2A	-0.475	0.4872
LINCSCP_67472	NA	644	BLVRA	0.4792	0.4875
LINCSCP_67472	NA	4792	NFKBIA	-0.4818	0.4892
LINCSCP_67472	NA	5883	RAD9A	-0.5238	0.4893
LINCSCP_67472	NA	3312	HSPA8	0.4764	0.4899
LINCSCP_67472	NA	7852	CXCR4	0.4776	0.4908
LINCSCP_67472	NA	23378	RRP8	-0.4754	0.4913
LINCSCP_67472	NA	11073	TOPBP1	0.5188	0.4915
LINCSCP_67472	NA	27346	TMEM97	-0.4778	0.4944
LINCSCP_67472	NA	79600	TCTN1	-0.4642	0.4996
LINCSCP_67472	NA	5019	OXCT1	-0.4652	0.5011
LINCSCP_67472	NA	29937	NENF	-0.5369	0.5012
LINCSCP_67472	NA	54442	KCTD5	0.5806	0.5014
LINCSCP_67472	NA	1153	CIRBP	-0.475	0.5048
LINCSCP_67472	NA	80746	TSEN2	-0.673	0.5048
LINCSCP_67472	NA	10810	WASF3	0.4798	0.5065
LINCSCP_67472	NA	4605	MYBL2	-0.4834	0.5067
LINCSCP_67472	NA	23139	MAST2	-0.4676	0.5074
LINCSCP_67472	NA	10013	HDAC6	-0.4842	0.5113
LINCSCP_67472	NA	3300	DNAJB2	0.4578	0.5117
LINCSCP_67472	NA	5889	RAD51C	0.4485	0.5126
LINCSCP_67472	NA	6050	RNH1	0.4454	0.5138
LINCSCP_67472	NA	51335	NGRN	-0.5342	0.52
LINCSCP_67472	NA	6944	VPS72	0.4386	0.5201
LINCSCP_67472	NA	9124	PDLIM1	-0.4636	0.5218
LINCSCP_67472	NA	23335	WDR7	0.6174	0.5219
LINCSCP_67472	NA	5873	RAB27A	-0.4341	0.5242
LINCSCP_67472	NA	91949	COG7	0.4426	0.5246
LINCSCP_67472	NA	5261	PHKG2	-0.4814	0.5254
LINCSCP_67472	NA	2946	GSTM2	-0.6056	0.5262
LINCSCP_67472	NA	5255	PHKA1	0.5724	0.5262
LINCSCP_67472	NA	7082	TJP1	-0.4603	0.5264
LINCSCP_67472	NA	10954	PDIA5	0.4832	0.5281
LINCSCP_67472	NA	4893	NRAS	0.4292	0.5288
LINCSCP_67472	NA	5289	PIK3C3	-0.429	0.5291
LINCSCP_67472	NA	9270	ITGB1BP1	-0.4382	0.5296
LINCSCP_67472	NA	23585	TMEM50A	-0.4314	0.5316
LINCSCP_67472	NA	4016	LOXL1	0.4292	0.5322
LINCSCP_67472	NA	840	CASP7	0.4505	0.5328
LINCSCP_67472	NA	8727	CTNNAL1	-0.4244	0.5336
LINCSCP_67472	NA	57019	CIAPIN1	0.427	0.5336
LINCSCP_67472	NA	23597	ACOT9	0.499	0.5423
LINCSCP_67472	NA	56997	ADCK3	-0.4418	0.5427
LINCSCP_67472	NA	2534	FYN	-0.4315	0.5435
LINCSCP_67472	NA	8553	BHLHE40	0.4785	0.5454
LINCSCP_67472	NA	64428	NARFL	-0.4314	0.547
LINCSCP_67472	NA	3157	HMGCS1	0.4712	0.5486
LINCSCP_67472	NA	23365	ARHGEF12	-0.4182	0.5489
LINCSCP_67472	NA	10491	CRTAP	-0.4472	0.5507
LINCSCP_67472	NA	9217	VAPB	0.4182	0.5511
LINCSCP_67472	NA	3122	HLA-DRA	0.486	0.5547
LINCSCP_67472	NA	958	CD40	0.4054	0.5553
LINCSCP_67472	NA	1978	EIF4EBP1	0.403	0.5559
LINCSCP_67472	NA	902	CCNH	-0.4806	0.5564
LINCSCP_67472	NA	10892	MALT1	0.4908	0.5565
LINCSCP_67472	NA	9181	ARHGEF2	-0.4364	0.56
LINCSCP_67472	NA	54881	TEX10	0.3927	0.5634
LINCSCP_67472	NA	79187	FSD1	0.4821	0.5638
LINCSCP_67472	NA	4282	MIF	-0.4032	0.5648
LINCSCP_67472	NA	9710	KIAA0355	-0.4255	0.5663
LINCSCP_67472	NA	211	ALAS1	-0.4054	0.5676
LINCSCP_67472	NA	1429	CRYZ	-0.4022	0.5682
LINCSCP_67472	NA	9847	C2CD5	0.3906	0.5709
LINCSCP_67472	NA	26036	ZNF451	-0.4142	0.5737
LINCSCP_67472	NA	2353	FOS	0.3825	0.5743
LINCSCP_67472	NA	7538	ZFP36	-0.3928	0.5747
LINCSCP_67472	NA	23061	TBC1D9B	-0.3822	0.5749
LINCSCP_67472	NA	2065	ERBB3	-0.378	0.581
LINCSCP_67472	NA	51422	PRKAG2	0.3748	0.5811
LINCSCP_67472	NA	7105	TSPAN6	-0.4454	0.5854
LINCSCP_67472	NA	5921	RASA1	0.473	0.5856
LINCSCP_67472	NA	868	CBLB	0.4814	0.5875
LINCSCP_67472	NA	9943	OXSR1	-0.4579	0.5896
LINCSCP_67472	NA	53343	NUDT9	0.3678	0.5898
LINCSCP_67472	NA	2896	GRN	0.3722	0.5901
LINCSCP_67472	NA	5997	RGS2	0.386	0.5902
LINCSCP_67472	NA	7043	TGFB3	-0.4061	0.5913
LINCSCP_67472	NA	8720	MBTPS1	-0.4114	0.5925
LINCSCP_67472	NA	11041	B4GAT1	-0.367	0.5927
LINCSCP_67472	NA	55958	KLHL9	0.3928	0.5928
LINCSCP_67472	NA	10969	EBNA1BP2	-0.3706	0.5942
LINCSCP_67472	NA	5601	MAPK9	0.5104	0.5961
LINCSCP_67472	NA	10904	BLCAP	0.3678	0.5974
LINCSCP_67472	NA	9695	EDEM1	-0.4124	0.5982
LINCSCP_67472	NA	1643	DDB2	0.4172	0.5984
LINCSCP_67472	NA	8851	CDK5R1	-0.3702	0.5993
LINCSCP_67472	NA	9697	TRAM2	-0.367	0.5998
LINCSCP_67472	NA	55748	CNDP2	-0.4048	0.6015
LINCSCP_67472	NA	29911	HOOK2	0.3532	0.6022
LINCSCP_67472	NA	81544	GDPD5	0.4034	0.6026
LINCSCP_67472	NA	51719	CAB39	-0.352	0.6033
LINCSCP_67472	NA	6774	STAT3	0.3521	0.6034
LINCSCP_67472	NA	3909	LAMA3	0.4062	0.6036
LINCSCP_67472	NA	64781	CERK	-0.389	0.6057
LINCSCP_67472	NA	29083	GTPBP8	-0.4177	0.6097
LINCSCP_67472	NA	23410	SIRT3	-0.343	0.6126
LINCSCP_67472	NA	9709	HERPUD1	-0.3578	0.6126
LINCSCP_67472	NA	5050	PAFAH1B3	0.3432	0.613
LINCSCP_67472	NA	2958	GTF2A2	0.4442	0.6131
LINCSCP_67472	NA	1870	E2F2	0.351	0.6135
LINCSCP_67472	NA	9918	NCAPD2	-0.3396	0.6161
LINCSCP_67472	NA	6894	TARBP1	-0.3952	0.6186
LINCSCP_67472	NA	10523	CHERP	0.3482	0.622
LINCSCP_67472	NA	22887	FOXJ3	0.3342	0.6223
LINCSCP_67472	NA	23636	NUP62	0.3478	0.6224
LINCSCP_67472	NA	4313	MMP2	-0.3413	0.6229
LINCSCP_67472	NA	5782	PTPN12	0.3342	0.6237
LINCSCP_67472	NA	22794	CASC3	0.3464	0.6247
LINCSCP_67472	NA	6304	SATB1	-0.3296	0.6277
LINCSCP_67472	NA	1021	CDK6	0.3337	0.629
LINCSCP_67472	NA	896	CCND3	-0.3362	0.6309
LINCSCP_67472	NA	10245	TIMM17B	-0.3202	0.6371
LINCSCP_67472	NA	5867	RAB4A	-0.319	0.6408
LINCSCP_67472	NA	79643	CHMP6	-0.3777	0.6417
LINCSCP_67472	NA	5355	PLP2	-0.3744	0.642
LINCSCP_67472	NA	148022	TICAM1	-0.3266	0.6422
LINCSCP_67472	NA	6676	SPAG4	0.3363	0.6423
LINCSCP_67472	NA	6812	STXBP1	0.3333	0.6429
LINCSCP_67472	NA	51021	MRPS16	0.34	0.6446
LINCSCP_67472	NA	9738	CCP110	-0.3323	0.6455
LINCSCP_67472	NA	7376	NR1H2	0.324	0.6455
LINCSCP_67472	NA	58472	SQRDL	-0.3322	0.6456
LINCSCP_67472	NA	8091	HMGA2	-0.3716	0.6458
LINCSCP_67472	NA	1019	CDK4	-0.3592	0.6465
LINCSCP_67472	NA	26292	MYCBP	0.3525	0.6476
LINCSCP_67472	NA	1906	EDN1	0.308	0.6507
LINCSCP_67472	NA	2274	FHL2	0.3938	0.6509
LINCSCP_67472	NA	5498	PPOX	-0.309	0.6514
LINCSCP_67472	NA	63874	ABHD4	0.306	0.6547
LINCSCP_67472	NA	3156	HMGCR	-0.3058	0.6549
LINCSCP_67472	NA	51056	LAP3	0.3166	0.6552
LINCSCP_67472	NA	3815	KIT	-0.3018	0.6552
LINCSCP_67472	NA	55893	ZNF395	0.3002	0.6567
LINCSCP_67472	NA	2597	GAPDH	-0.3042	0.658
LINCSCP_67472	NA	1052	CEBPD	-0.3442	0.6604
LINCSCP_67472	NA	51015	ISOC1	-0.315	0.6615
LINCSCP_67472	NA	54505	DHX29	0.3223	0.6632
LINCSCP_67472	NA	25825	BACE2	-0.3436	0.6648
LINCSCP_67472	NA	56924	PAK6	-0.2914	0.666
LINCSCP_67472	NA	16	AARS	0.2979	0.6676
LINCSCP_67472	NA	26511	CHIC2	0.2914	0.6678
LINCSCP_67472	NA	1445	CSK	0.305	0.669
LINCSCP_67472	NA	323	APBB2	-0.2884	0.6733
LINCSCP_67472	NA	2767	GNA11	0.2965	0.6738
LINCSCP_67472	NA	3028	HSD17B10	0.315	0.6747
LINCSCP_67472	NA	1994	ELAVL1	-0.2833	0.675
LINCSCP_67472	NA	4846	NOS3	-0.2904	0.6755
LINCSCP_67472	NA	4850	CNOT4	-0.282	0.6762
LINCSCP_67472	NA	23161	SNX13	-0.3165	0.6764
LINCSCP_67472	NA	637	BID	-0.2898	0.6768
LINCSCP_67472	NA	5211	PFKL	-0.2952	0.6777
LINCSCP_67472	NA	727	C5	0.3017	0.678
LINCSCP_67472	NA	23321	TRIM2	-0.32	0.6781
LINCSCP_67472	NA	5986	RFNG	0.2908	0.6788
LINCSCP_67472	NA	501	ALDH7A1	-0.2961	0.6832
LINCSCP_67472	NA	10051	SMC4	0.3038	0.6832
LINCSCP_67472	NA	30001	ERO1L	-0.2892	0.6836
LINCSCP_67472	NA	8520	HAT1	0.2785	0.6836
LINCSCP_67472	NA	6839	SUV39H1	-0.3275	0.6848
LINCSCP_67472	NA	5699	PSMB10	0.2948	0.6853
LINCSCP_67472	NA	6499	SKIV2L	-0.2738	0.6855
LINCSCP_67472	NA	2058	EPRS	-0.2752	0.6866
LINCSCP_67472	NA	7264	TSTA3	-0.2898	0.6867
LINCSCP_67472	NA	9112	MTA1	0.3854	0.6888
LINCSCP_67472	NA	22934	RPIA	-0.2711	0.6892
LINCSCP_67472	NA	3454	IFNAR1	-0.2704	0.6901
LINCSCP_67472	NA	11168	PSIP1	-0.3106	0.6902
LINCSCP_67472	NA	7494	XBP1	-0.278	0.6929
LINCSCP_67472	NA	5236	PGM1	0.3036	0.6933
LINCSCP_67472	NA	4891	SLC11A2	-0.5654	0.6962
LINCSCP_67472	NA	56654	NPDC1	0.2752	0.6966
LINCSCP_67472	NA	6251	RSU1	-0.2636	0.6968
LINCSCP_67472	NA	9170	LPAR2	0.264	0.6969
LINCSCP_67472	NA	3551	IKBKB	0.2978	0.6977
LINCSCP_67472	NA	6622	SNCA	-0.2658	0.6977
LINCSCP_67472	NA	23	ABCF1	0.2612	0.6991
LINCSCP_67472	NA	23386	NUDCD3	0.2642	0.7014
LINCSCP_67472	NA	11157	LSM6	0.2586	0.7017
LINCSCP_67472	NA	2115	ETV1	-0.2904	0.7019
LINCSCP_67472	NA	5048	PAFAH1B1	0.2905	0.7027
LINCSCP_67472	NA	10813	UTP14A	-0.2966	0.705
LINCSCP_67472	NA	9183	ZW10	0.2766	0.7079
LINCSCP_67472	NA	4172	MCM3	0.2784	0.7091
LINCSCP_67472	NA	55608	ANKRD10	-0.2546	0.7106
LINCSCP_67472	NA	10953	TOMM34	-0.2512	0.7107
LINCSCP_67472	NA	10270	AKAP8	0.2954	0.7119
LINCSCP_67472	NA	2042	EPHA3	0.2698	0.7119
LINCSCP_67472	NA	23530	NNT	-0.3216	0.7129
LINCSCP_67472	NA	54541	DDIT4	-0.3707	0.7129
LINCSCP_67472	NA	808	CALM3	0.2491	0.714
LINCSCP_67472	NA	80212	CCDC92	-0.248	0.7142
LINCSCP_67472	NA	835	CASP2	0.2546	0.7151
LINCSCP_67472	NA	4690	NCK1	0.3262	0.7161
LINCSCP_67472	NA	2184	FAH	-0.2508	0.7177
LINCSCP_67472	NA	10227	MFSD10	-0.2794	0.7187
LINCSCP_67472	NA	8446	DUSP11	-0.244	0.7196
LINCSCP_67472	NA	1212	CLTB	-0.2406	0.7212
LINCSCP_67472	NA	11319	ECD	0.2428	0.7236
LINCSCP_67472	NA	10818	FRS2	-0.2483	0.7239
LINCSCP_67472	NA	9519	TBPL1	0.2422	0.7239
LINCSCP_67472	NA	2956	MSH6	-0.2744	0.7252
LINCSCP_67472	NA	26064	RAI14	0.2436	0.7256
LINCSCP_67472	NA	226	ALDOA	0.256	0.7259
LINCSCP_67472	NA	6908	TBP	0.2412	0.7293
LINCSCP_67472	NA	6193	RPS5	-0.2318	0.7312
LINCSCP_67472	NA	11325	DDX42	0.263	0.7329
LINCSCP_67472	NA	10845	CLPX	-0.2287	0.734
LINCSCP_67472	NA	57406	ABHD6	-0.2291	0.7342
LINCSCP_67472	NA	6390	SDHB	0.2318	0.7346
LINCSCP_67472	NA	57804	POLD4	0.268	0.7352
LINCSCP_67472	NA	2185	PTK2B	-0.2292	0.7356
LINCSCP_67472	NA	26993	AKAP8L	0.2256	0.7386
LINCSCP_67472	NA	10606	PAICS	-0.2254	0.7387
LINCSCP_67472	NA	55148	UBR7	0.2782	0.7393
LINCSCP_67472	NA	3308	HSPA4	-0.2237	0.7407
LINCSCP_67472	NA	6195	RPS6KA1	0.2233	0.7408
LINCSCP_67472	NA	10617	STAMBP	-0.2615	0.7413
LINCSCP_67472	NA	3725	JUN	0.2228	0.7431
LINCSCP_67472	NA	64746	ACBD3	0.2738	0.7452
LINCSCP_67472	NA	3383	ICAM1	0.2182	0.7461
LINCSCP_67472	NA	6117	RPA1	0.2158	0.7485
LINCSCP_67472	NA	843	CASP10	0.2426	0.7513
LINCSCP_67472	NA	89910	UBE3B	-0.2178	0.7519
LINCSCP_67472	NA	10513	APPBP2	0.2137	0.7529
LINCSCP_67472	NA	142	PARP1	-0.2317	0.753
LINCSCP_67472	NA	51293	CD320	0.2404	0.7542
LINCSCP_67472	NA	5290	PIK3CA	0.2162	0.7547
LINCSCP_67472	NA	5743	PTGS2	-0.211	0.7552
LINCSCP_67472	NA	10131	TRAP1	-0.2525	0.7553
LINCSCP_67472	NA	9817	KEAP1	-0.225	0.7557
LINCSCP_67472	NA	8804	CREG1	-0.295	0.7566
LINCSCP_67472	NA	79174	CRELD2	-0.2073	0.7602
LINCSCP_67472	NA	11004	KIF2C	-0.2302	0.7604
LINCSCP_67472	NA	6275	S100A4	0.2948	0.7613
LINCSCP_67472	NA	2064	ERBB2	0.2154	0.7615
LINCSCP_67472	NA	1666	DECR1	-0.2192	0.7619
LINCSCP_67472	NA	1647	GADD45A	-0.2068	0.7648
LINCSCP_67472	NA	23536	ADAT1	-0.2112	0.7648
LINCSCP_67472	NA	7398	USP1	-0.2025	0.7692
LINCSCP_67472	NA	1662	DDX10	0.2547	0.7692
LINCSCP_67472	NA	348	APOE	0.196	0.7707
LINCSCP_67472	NA	23443	SLC35A3	-0.1982	0.7721
LINCSCP_67472	NA	147179	WIPF2	0.2085	0.7727
LINCSCP_67472	NA	7466	WFS1	-0.347	0.7732
LINCSCP_67472	NA	4067	LYN	-0.1938	0.774
LINCSCP_67472	NA	55746	NUP133	-0.1974	0.7743
LINCSCP_67472	NA	10038	PARP2	0.1934	0.7751
LINCSCP_67472	NA	200734	SPRED2	-0.2034	0.7788
LINCSCP_67472	NA	9670	IPO13	0.1916	0.7792
LINCSCP_67472	NA	3337	DNAJB1	-0.2966	0.7809
LINCSCP_67472	NA	4216	MAP3K4	-0.1915	0.7816
LINCSCP_67472	NA	1981	EIF4G1	-0.1874	0.783
LINCSCP_67472	NA	6461	SHB	-0.1864	0.784
LINCSCP_67472	NA	5287	PIK3C2B	0.1874	0.7853
LINCSCP_67472	NA	1465	CSRP1	-0.2838	0.7855
LINCSCP_67472	NA	5580	PRKCD	0.2689	0.7872
LINCSCP_67472	NA	8312	AXIN1	0.192	0.7881
LINCSCP_67472	NA	1123	CHN1	0.1807	0.7885
LINCSCP_67472	NA	375346	TMEM110	-0.184	0.7914
LINCSCP_67472	NA	8821	INPP4B	0.1767	0.7934
LINCSCP_67472	NA	1398	CRK	0.1743	0.7957
LINCSCP_67472	NA	1786	DNMT1	0.177	0.7962
LINCSCP_67472	NA	56940	DUSP22	0.2772	0.7995
LINCSCP_67472	NA	7750	ZMYM2	0.1697	0.8008
LINCSCP_67472	NA	79094	CHAC1	-0.1704	0.8021
LINCSCP_67472	NA	6184	RPN1	-0.1718	0.8035
LINCSCP_67472	NA	5909	RAP1GAP	0.1671	0.8036
LINCSCP_67472	NA	55699	IARS2	-0.1674	0.8047
LINCSCP_67472	NA	51097	SCCPDH	0.1654	0.8058
LINCSCP_67472	NA	51635	DHRS7	0.2629	0.806
LINCSCP_67472	NA	8726	EED	0.1648	0.8062
LINCSCP_67472	NA	9275	BCL7B	0.1686	0.8064
LINCSCP_67472	NA	26520	TIMM9	0.1704	0.8086
LINCSCP_67472	NA	27242	TNFRSF21	0.1748	0.8087
LINCSCP_67472	NA	6119	RPA3	0.163	0.8093
LINCSCP_67472	NA	54681	P4HTM	0.1582	0.8137
LINCSCP_67472	NA	51742	ARID4B	0.1695	0.816
LINCSCP_67472	NA	2131	EXT1	0.1684	0.8163
LINCSCP_67472	NA	8050	PDHX	-0.2844	0.8198
LINCSCP_67472	NA	55818	KDM3A	-0.1597	0.8204
LINCSCP_67472	NA	9924	PAN2	-0.1524	0.8204
LINCSCP_67472	NA	30836	DNTTIP2	0.1474	0.8268
LINCSCP_67472	NA	3693	ITGB5	-0.1541	0.8276
LINCSCP_67472	NA	10682	EBP	-0.1517	0.8287
LINCSCP_67472	NA	10273	STUB1	-0.1452	0.8294
LINCSCP_67472	NA	7048	TGFBR2	0.1475	0.8299
LINCSCP_67472	NA	60493	FASTKD5	-0.1568	0.8306
LINCSCP_67472	NA	23635	SSBP2	-0.1485	0.8371
LINCSCP_67472	NA	8731	RNMT	-0.1724	0.8374
LINCSCP_67472	NA	1831	TSC22D3	-0.1564	0.8414
LINCSCP_67472	NA	8826	IQGAP1	-0.1376	0.8417
LINCSCP_67472	NA	5927	KDM5A	0.1687	0.8424
LINCSCP_67472	NA	90861	HN1L	-0.1598	0.8438
LINCSCP_67472	NA	9097	USP14	0.1362	0.8451
LINCSCP_67472	NA	6659	SOX4	0.136	0.8462
LINCSCP_67472	NA	9637	FEZ2	0.1321	0.8491
LINCSCP_67472	NA	9289	ADGRG1	-0.1277	0.8493
LINCSCP_67472	NA	6909	TBX2	0.129	0.8495
LINCSCP_67472	NA	5696	PSMB8	-0.1278	0.8495
LINCSCP_67472	NA	3398	ID2	-0.1246	0.8558
LINCSCP_67472	NA	55012	PPP2R3C	0.1219	0.8559
LINCSCP_67472	NA	8270	LAGE3	0.1277	0.8561
LINCSCP_67472	NA	1958	EGR1	-0.1212	0.8566
LINCSCP_67472	NA	4794	NFKBIE	0.1188	0.8613
LINCSCP_67472	NA	1029	CDKN2A	-0.1336	0.8637
LINCSCP_67472	NA	51599	LSR	0.1192	0.8654
LINCSCP_67472	NA	5468	PPARG	-0.1168	0.8662
LINCSCP_67472	NA	642	BLMH	-0.1122	0.867
LINCSCP_67472	NA	57761	TRIB3	-0.1288	0.8672
LINCSCP_67472	NA	7158	TP53BP1	-0.1132	0.8674
LINCSCP_67472	NA	10776	ARPP19	-0.1325	0.8692
LINCSCP_67472	NA	9517	SPTLC2	0.1105	0.8695
LINCSCP_67472	NA	79073	TMEM109	0.123	0.8727
LINCSCP_67472	NA	22883	CLSTN1	-0.1206	0.8733
LINCSCP_67472	NA	8878	SQSTM1	0.106	0.8747
LINCSCP_67472	NA	9686	VGLL4	0.1574	0.8777
LINCSCP_67472	NA	91137	SLC25A46	-0.1034	0.8778
LINCSCP_67472	NA	1399	CRKL	0.1028	0.8793
LINCSCP_67472	NA	3486	IGFBP3	-0.1158	0.8796
LINCSCP_67472	NA	154	ADRB2	-0.1196	0.8805
LINCSCP_67472	NA	26054	SENP6	-0.1156	0.8811
LINCSCP_67472	NA	2887	GRB10	-0.1009	0.8817
LINCSCP_67472	NA	1385	CREB1	0.1042	0.8822
LINCSCP_67472	NA	5796	PTPRK	0.0968	0.8867
LINCSCP_67472	NA	7077	TIMP2	-0.0936	0.889
LINCSCP_67472	NA	8837	CFLAR	-0.1063	0.8905
LINCSCP_67472	NA	1950	EGF	0.097	0.8906
LINCSCP_67472	NA	5110	PCMT1	0.1166	0.8908
LINCSCP_67472	NA	5373	PMM2	0.09	0.8933
LINCSCP_67472	NA	55604	LRRC16A	0.093	0.8941
LINCSCP_67472	NA	2263	FGFR2	0.0894	0.8953
LINCSCP_67472	NA	8884	SLC5A6	0.1134	0.8966
LINCSCP_67472	NA	4482	MSRA	0.0868	0.8971
LINCSCP_67472	NA	998	CDC42	0.0862	0.8997
LINCSCP_67472	NA	22823	MTF2	-0.088	0.8997
LINCSCP_67472	NA	11284	PNKP	-0.0954	0.9007
LINCSCP_67472	NA	1861	TOR1A	-0.0831	0.9015
LINCSCP_67472	NA	2769	GNA15	0.0854	0.9018
LINCSCP_67472	NA	3682	ITGAE	0.0934	0.9032
LINCSCP_67472	NA	6709	SPTAN1	-0.0803	0.9051
LINCSCP_67472	NA	11232	POLG2	-0.0931	0.9057
LINCSCP_67472	NA	9533	POLR1C	-0.0826	0.9062
LINCSCP_67472	NA	5438	POLR2I	0.0893	0.9089
LINCSCP_67472	NA	9813	EFCAB14	-0.0809	0.9092
LINCSCP_67472	NA	7866	IFRD2	0.0762	0.9104
LINCSCP_67472	NA	9801	MRPL19	0.0723	0.9142
LINCSCP_67472	NA	9833	MELK	0.0753	0.9166
LINCSCP_67472	NA	6988	TCTA	0.0686	0.9185
LINCSCP_67472	NA	5583	PRKCH	0.0658	0.9233
LINCSCP_67472	NA	51116	MRPS2	0.0722	0.9235
LINCSCP_67472	NA	23076	RRP1B	0.0632	0.9257
LINCSCP_67472	NA	30849	PIK3R4	-0.0699	0.9261
LINCSCP_67472	NA	5092	PCBD1	-0.0621	0.9315
LINCSCP_67472	NA	9868	TOMM70A	0.0621	0.9321
LINCSCP_67472	NA	207	AKT1	0.0564	0.9331
LINCSCP_67472	NA	4998	ORC1	0.0568	0.9339
LINCSCP_67472	NA	60528	ELAC2	-0.0564	0.9351
LINCSCP_67472	NA	55111	PLEKHJ1	0.0588	0.9351
LINCSCP_67472	NA	581	BAX	-0.0546	0.9352
LINCSCP_67472	NA	10921	RNPS1	-0.0538	0.9373
LINCSCP_67472	NA	11188	NISCH	0.0541	0.9395
LINCSCP_67472	NA	93594	TBC1D31	-0.0568	0.9415
LINCSCP_67472	NA	2673	GFPT1	0.0519	0.9424
LINCSCP_67472	NA	2195	FAT1	0.0476	0.9449
LINCSCP_67472	NA	9988	DMTF1	0.0456	0.9469
LINCSCP_67472	NA	23338	JADE2	-0.0446	0.9471
LINCSCP_67472	NA	6832	SUPV3L1	0.0432	0.9498
LINCSCP_67472	NA	54915	YTHDF1	0.051	0.9505
LINCSCP_67472	NA	10915	TCERG1	0.0426	0.9509
LINCSCP_67472	NA	3098	HK1	-0.0426	0.9521
LINCSCP_67472	NA	5108	PCM1	-0.0403	0.9525
LINCSCP_67472	NA	64080	RBKS	0.0396	0.9545
LINCSCP_67472	NA	1845	DUSP3	0.0366	0.9565
LINCSCP_67472	NA	29103	DNAJC15	0.0362	0.9576
LINCSCP_67472	NA	25839	COG4	-0.0344	0.9591
LINCSCP_67472	NA	622	BDH1	0.037	0.9606
LINCSCP_67472	NA	10972	TMED10	0.0364	0.9617
LINCSCP_67472	NA	2264	FGFR4	0.032	0.9625
LINCSCP_67472	NA	22889	KIAA0907	0.0316	0.9633
LINCSCP_67472	NA	1633	DCK	-0.0298	0.9647
LINCSCP_67472	NA	7157	TP53	-0.0298	0.965
LINCSCP_67472	NA	8869	ST3GAL5	0.0312	0.9662
LINCSCP_67472	NA	28969	BZW2	0.0289	0.9675
LINCSCP_67472	NA	3091	HIF1A	0.026	0.9712
LINCSCP_67472	NA	50813	COPS7A	-0.027	0.9719
LINCSCP_67472	NA	4232	MEST	-0.02	0.9781
LINCSCP_67472	NA	960	CD44	-0.018	0.9787
LINCSCP_67472	NA	9797	TATDN2	-0.0135	0.984
LINCSCP_67472	NA	10493	VAT1	-0.0188	0.9847
LINCSCP_67472	NA	6790	AURKA	-0.0128	0.9849
LINCSCP_67472	NA	1956	EGFR	0.0126	0.9855
LINCSCP_67472	NA	10174	SORBS3	-0.0115	0.9864
LINCSCP_67472	NA	23512	SUZ12	0.0065	0.9923
LINCSCP_67472	NA	200081	TXLNA	0.0064	0.9925
LINCSCP_67472	NA	1111	CHEK1	-0.0051	0.9941
LINCSCP_67472	NA	7874	USP7	-0.0048	0.9945
LINCSCP_67472	NA	7905	REEP5	-0.0038	0.9956
LINCSCP_67472	NA	116832	RPL39L	9e-4	0.9989
LINCSCP_67472	NA	2048	EPHB2	-5e-4	0.9994
LINCSCP_67472	NA	6194	RPS6	-4e-4	0.9996
LINCSCP_67472	NA	8349	HIST2H2BE	3e-4	0.9998
