signatureID	PROBE	ID_geneid	Name_GeneSymbol	Value_LogDiffExp	Significance_pvalue
LINCSCP_250886	NA	6599	SMARCC1	1.9084	0.0056
LINCSCP_250886	NA	51635	DHRS7	2.0967	0.0063
LINCSCP_250886	NA	8914	TIMELESS	1.6143	0.0085
LINCSCP_250886	NA	10491	CRTAP	1.6792	0.0106
LINCSCP_250886	NA	9488	PIGB	1.5668	0.0114
LINCSCP_250886	NA	4794	NFKBIE	-1.3629	0.013
LINCSCP_250886	NA	23443	SLC35A3	1.6283	0.0132
LINCSCP_250886	NA	4216	MAP3K4	1.4941	0.0147
LINCSCP_250886	NA	9833	MELK	1.3502	0.0148
LINCSCP_250886	NA	6050	RNH1	1.379	0.0161
LINCSCP_250886	NA	50813	COPS7A	1.3682	0.0168
LINCSCP_250886	NA	8573	CASK	1.3337	0.0169
LINCSCP_250886	NA	9375	TM9SF2	1.1973	0.0172
LINCSCP_250886	NA	3978	LIG1	1.3365	0.0175
LINCSCP_250886	NA	4154	MBNL1	1.3602	0.0197
LINCSCP_250886	NA	9217	VAPB	1.6502	0.0204
LINCSCP_250886	NA	2690	GHR	1.2676	0.0209
LINCSCP_250886	NA	58472	SQRDL	-1.1912	0.0212
LINCSCP_250886	NA	6117	RPA1	1.5142	0.0217
LINCSCP_250886	NA	4200	ME2	1.2358	0.0218
LINCSCP_250886	NA	26136	TES	-1.2749	0.0229
LINCSCP_250886	NA	4482	MSRA	1.1167	0.0229
LINCSCP_250886	NA	9842	PLEKHM1	-1.137	0.0229
LINCSCP_250886	NA	22887	FOXJ3	1.58	0.0243
LINCSCP_250886	NA	780	DDR1	1.2141	0.0248
LINCSCP_250886	NA	1635	DCTD	1.3029	0.025
LINCSCP_250886	NA	2886	GRB7	-1.4786	0.0257
LINCSCP_250886	NA	572	BAD	1.3777	0.0268
LINCSCP_250886	NA	10112	KIF20A	1.1393	0.0268
LINCSCP_250886	NA	813	CALU	-1.1622	0.0276
LINCSCP_250886	NA	51382	ATP6V1D	1.0306	0.028
LINCSCP_250886	NA	10681	GNB5	1.0574	0.0284
LINCSCP_250886	NA	6657	SOX2	-1.3857	0.0286
LINCSCP_250886	NA	7982	ST7	1.0282	0.0287
LINCSCP_250886	NA	3108	HLA-DMA	-1.0879	0.0297
LINCSCP_250886	NA	2956	MSH6	1.0401	0.0305
LINCSCP_250886	NA	9221	NOLC1	1.1179	0.0311
LINCSCP_250886	NA	2058	EPRS	1.2016	0.0313
LINCSCP_250886	NA	727	C5	-1.041	0.0315
LINCSCP_250886	NA	6850	SYK	-1.1619	0.0318
LINCSCP_250886	NA	11168	PSIP1	1.0579	0.0326
LINCSCP_250886	NA	9112	MTA1	1.0487	0.0332
LINCSCP_250886	NA	9053	MAP7	1.3666	0.0337
LINCSCP_250886	NA	7153	TOP2A	1.108	0.0342
LINCSCP_250886	NA	50814	NSDHL	1.3699	0.0346
LINCSCP_250886	NA	1605	DAG1	1.3178	0.0346
LINCSCP_250886	NA	644	BLVRA	0.982	0.0352
LINCSCP_250886	NA	9702	CEP57	-0.9499	0.0354
LINCSCP_250886	NA	9491	PSMF1	-1.1284	0.0354
LINCSCP_250886	NA	11319	ECD	1.1549	0.0361
LINCSCP_250886	NA	3251	HPRT1	-1.0628	0.0364
LINCSCP_250886	NA	5899	RALB	1.6846	0.037
LINCSCP_250886	NA	3553	IL1B	-0.9472	0.0372
LINCSCP_250886	NA	7077	TIMP2	-0.9383	0.0372
LINCSCP_250886	NA	4776	NFATC4	-0.9793	0.0378
LINCSCP_250886	NA	581	BAX	-1.0132	0.0382
LINCSCP_250886	NA	11000	SLC27A3	-0.9215	0.0394
LINCSCP_250886	NA	2185	PTK2B	-1.2119	0.0395
LINCSCP_250886	NA	5580	PRKCD	1.0087	0.0396
LINCSCP_250886	NA	4313	MMP2	-1.0232	0.0396
LINCSCP_250886	NA	79073	TMEM109	1.3958	0.0426
LINCSCP_250886	NA	5287	PIK3C2B	1.1944	0.0429
LINCSCP_250886	NA	5108	PCM1	1.1279	0.0438
LINCSCP_250886	NA	664	BNIP3	0.9316	0.0439
LINCSCP_250886	NA	6908	TBP	0.9854	0.0442
LINCSCP_250886	NA	5092	PCBD1	1.1374	0.0442
LINCSCP_250886	NA	4282	MIF	-1.0987	0.0444
LINCSCP_250886	NA	23463	ICMT	1.0387	0.0451
LINCSCP_250886	NA	4616	GADD45B	0.9088	0.0455
LINCSCP_250886	NA	56654	NPDC1	-6.569	0.0456
LINCSCP_250886	NA	9738	CCP110	0.9083	0.047
LINCSCP_250886	NA	11072	DUSP14	0.879	0.0478
LINCSCP_250886	NA	5654	HTRA1	-0.9283	0.0478
LINCSCP_250886	NA	2958	GTF2A2	0.9746	0.0478
LINCSCP_250886	NA	2769	GNA15	-1.0636	0.0489
LINCSCP_250886	NA	7485	WRB	0.9265	0.0493
LINCSCP_250886	NA	85236	HIST1H2BK	0.8491	0.0494
LINCSCP_250886	NA	642	BLMH	1.1117	0.0496
LINCSCP_250886	NA	3909	LAMA3	1.0125	0.0498
LINCSCP_250886	NA	9797	TATDN2	1.053	0.0505
LINCSCP_250886	NA	10904	BLCAP	0.9385	0.0532
LINCSCP_250886	NA	147179	WIPF2	0.9556	0.0534
LINCSCP_250886	NA	9467	SH3BP5	1.0985	0.0543
LINCSCP_250886	NA	6772	STAT1	0.8473	0.0544
LINCSCP_250886	NA	11011	TLK2	0.8664	0.0548
LINCSCP_250886	NA	2553	GABPB1	1.0937	0.055
LINCSCP_250886	NA	3964	LGALS8	-0.9216	0.0554
LINCSCP_250886	NA	5096	PCCB	0.9703	0.056
LINCSCP_250886	NA	8727	CTNNAL1	1.2595	0.0564
LINCSCP_250886	NA	8396	PIP4K2B	1.0426	0.0567
LINCSCP_250886	NA	2115	ETV1	-1.1258	0.0569
LINCSCP_250886	NA	7043	TGFB3	-1.1195	0.057
LINCSCP_250886	NA	9988	DMTF1	-0.9103	0.0574
LINCSCP_250886	NA	11325	DDX42	0.8836	0.0577
LINCSCP_250886	NA	5427	POLE2	0.8256	0.0581
LINCSCP_250886	NA	7020	TFAP2A	-0.9765	0.0582
LINCSCP_250886	NA	57149	LYRM1	-0.8116	0.0597
LINCSCP_250886	NA	64422	ATG3	0.9667	0.0605
LINCSCP_250886	NA	22827	PUF60	1.4795	0.0606
LINCSCP_250886	NA	11004	KIF2C	0.8599	0.061
LINCSCP_250886	NA	1647	GADD45A	-0.8901	0.0614
LINCSCP_250886	NA	2771	GNAI2	0.8228	0.0615
LINCSCP_250886	NA	9270	ITGB1BP1	-6.2785	0.0622
LINCSCP_250886	NA	11182	SLC2A6	-0.7844	0.0623
LINCSCP_250886	NA	1788	DNMT3A	-0.8903	0.0629
LINCSCP_250886	NA	8624	PSMG1	0.9758	0.0632
LINCSCP_250886	NA	54438	GFOD1	-0.8524	0.0639
LINCSCP_250886	NA	8508	NIPSNAP1	0.8427	0.0647
LINCSCP_250886	NA	5747	PTK2	0.798	0.0651
LINCSCP_250886	NA	10915	TCERG1	0.9292	0.0655
LINCSCP_250886	NA	7027	TFDP1	1.2811	0.0659
LINCSCP_250886	NA	5588	PRKCQ	-0.9172	0.0665
LINCSCP_250886	NA	51742	ARID4B	0.8915	0.0672
LINCSCP_250886	NA	10972	TMED10	1.1683	0.0689
LINCSCP_250886	NA	10557	RPP38	1.1228	0.069
LINCSCP_250886	NA	5106	PCK2	-0.864	0.0691
LINCSCP_250886	NA	51385	ZNF589	-0.8397	0.0692
LINCSCP_250886	NA	91137	SLC25A46	0.7491	0.0695
LINCSCP_250886	NA	9143	SYNGR3	0.8223	0.0698
LINCSCP_250886	NA	10153	CEBPZ	0.9594	0.0707
LINCSCP_250886	NA	2767	GNA11	0.9117	0.0716
LINCSCP_250886	NA	1981	EIF4G1	0.7769	0.0716
LINCSCP_250886	NA	79090	TRAPPC6A	-0.8991	0.0724
LINCSCP_250886	NA	80347	COASY	0.7558	0.0724
LINCSCP_250886	NA	3725	JUN	-0.9896	0.0727
LINCSCP_250886	NA	23271	CAMSAP2	-0.8475	0.0729
LINCSCP_250886	NA	7376	NR1H2	-0.8221	0.0735
LINCSCP_250886	NA	965	CD58	0.8031	0.0735
LINCSCP_250886	NA	1676	DFFA	-0.8639	0.0738
LINCSCP_250886	NA	332	BIRC5	1.0032	0.0741
LINCSCP_250886	NA	2274	FHL2	0.767	0.0756
LINCSCP_250886	NA	847	CAT	-0.8857	0.0759
LINCSCP_250886	NA	9276	COPB2	0.9018	0.0772
LINCSCP_250886	NA	7398	USP1	0.8327	0.0778
LINCSCP_250886	NA	1994	ELAVL1	0.954	0.0781
LINCSCP_250886	NA	57406	ABHD6	-0.9118	0.0788
LINCSCP_250886	NA	6832	SUPV3L1	-1.6864	0.0793
LINCSCP_250886	NA	9519	TBPL1	0.8483	0.0797
LINCSCP_250886	NA	9712	USP6NL	1.1336	0.0803
LINCSCP_250886	NA	6804	STX1A	0.8255	0.0808
LINCSCP_250886	NA	9943	OXSR1	0.7205	0.0813
LINCSCP_250886	NA	8720	MBTPS1	1.0666	0.0819
LINCSCP_250886	NA	1212	CLTB	-5.3972	0.0829
LINCSCP_250886	NA	1906	EDN1	-0.8903	0.0831
LINCSCP_250886	NA	2113	ETS1	-0.9529	0.0832
LINCSCP_250886	NA	10123	ARL4C	-0.8774	0.0846
LINCSCP_250886	NA	57178	ZMIZ1	0.9063	0.0861
LINCSCP_250886	NA	3337	DNAJB1	0.8832	0.0862
LINCSCP_250886	NA	23659	PLA2G15	0.7931	0.0862
LINCSCP_250886	NA	6461	SHB	-1.0474	0.0865
LINCSCP_250886	NA	10398	MYL9	-0.7947	0.0868
LINCSCP_250886	NA	24149	ZNF318	1.2906	0.087
LINCSCP_250886	NA	8061	FOSL1	-0.7789	0.0891
LINCSCP_250886	NA	323	APBB2	-0.7298	0.0899
LINCSCP_250886	NA	7296	TXNRD1	0.6841	0.0901
LINCSCP_250886	NA	4605	MYBL2	0.9226	0.0902
LINCSCP_250886	NA	1385	CREB1	-0.9792	0.0903
LINCSCP_250886	NA	148022	TICAM1	-1.0939	0.0906
LINCSCP_250886	NA	355	FAS	0.9164	0.0915
LINCSCP_250886	NA	55699	IARS2	0.9913	0.0917
LINCSCP_250886	NA	5788	PTPRC	-1.1172	0.0928
LINCSCP_250886	NA	47	ACLY	0.8135	0.094
LINCSCP_250886	NA	9961	MVP	-0.8155	0.0941
LINCSCP_250886	NA	5613	PRKX	-0.8638	0.0945
LINCSCP_250886	NA	4331	MNAT1	-0.7663	0.095
LINCSCP_250886	NA	53343	NUDT9	0.8471	0.0959
LINCSCP_250886	NA	51005	AMDHD2	0.9057	0.0961
LINCSCP_250886	NA	11188	NISCH	-0.8212	0.0962
LINCSCP_250886	NA	6597	SMARCA4	0.8838	0.0962
LINCSCP_250886	NA	8518	IKBKAP	0.7231	0.0976
LINCSCP_250886	NA	54623	PAF1	-1.0909	0.0978
LINCSCP_250886	NA	55324	ABCF3	1.0089	0.0979
LINCSCP_250886	NA	998	CDC42	1.0115	0.0982
LINCSCP_250886	NA	23585	TMEM50A	0.6575	0.0999
LINCSCP_250886	NA	65123	INTS3	5.8576	0.1012
LINCSCP_250886	NA	26128	KIF1BP	0.8407	0.1025
LINCSCP_250886	NA	5366	PMAIP1	-0.7284	0.1027
LINCSCP_250886	NA	5347	PLK1	0.8842	0.103
LINCSCP_250886	NA	427	ASAH1	0.8023	0.1035
LINCSCP_250886	NA	8349	HIST2H2BE	-0.8662	0.1037
LINCSCP_250886	NA	2896	GRN	-1.8884	0.1037
LINCSCP_250886	NA	10845	CLPX	0.864	0.1042
LINCSCP_250886	NA	1983	EIF5	0.8803	0.1056
LINCSCP_250886	NA	5898	RALA	-1.3298	0.1056
LINCSCP_250886	NA	11044	PAPD7	-0.9672	0.1061
LINCSCP_250886	NA	10644	IGF2BP2	-1.0223	0.1071
LINCSCP_250886	NA	7494	XBP1	0.77	0.1077
LINCSCP_250886	NA	9688	NUP93	0.7523	0.1077
LINCSCP_250886	NA	2817	GPC1	-0.649	0.1081
LINCSCP_250886	NA	10285	SMNDC1	0.6403	0.1082
LINCSCP_250886	NA	6856	SYPL1	0.6679	0.1094
LINCSCP_250886	NA	3329	HSPD1	0.9456	0.1095
LINCSCP_250886	NA	55038	CDCA4	0.9147	0.1096
LINCSCP_250886	NA	836	CASP3	-0.6237	0.11
LINCSCP_250886	NA	3454	IFNAR1	-0.7146	0.1106
LINCSCP_250886	NA	23039	XPO7	1.1158	0.1107
LINCSCP_250886	NA	9517	SPTLC2	0.9058	0.1111
LINCSCP_250886	NA	51116	MRPS2	0.781	0.1117
LINCSCP_250886	NA	310	ANXA7	0.7332	0.1124
LINCSCP_250886	NA	79094	CHAC1	-1.0118	0.1128
LINCSCP_250886	NA	2184	FAH	-0.6387	0.1139
LINCSCP_250886	NA	23200	ATP11B	-0.642	0.114
LINCSCP_250886	NA	7538	ZFP36	-0.6705	0.114
LINCSCP_250886	NA	10898	CPSF4	0.668	0.1142
LINCSCP_250886	NA	949	SCARB1	0.9215	0.1142
LINCSCP_250886	NA	211	ALAS1	-0.9923	0.1149
LINCSCP_250886	NA	1062	CENPE	1.0157	0.1159
LINCSCP_250886	NA	27095	TRAPPC3	0.6314	0.1178
LINCSCP_250886	NA	2131	EXT1	-1.0562	0.1183
LINCSCP_250886	NA	5289	PIK3C3	-0.753	0.1185
LINCSCP_250886	NA	25805	BAMBI	0.793	0.1187
LINCSCP_250886	NA	79947	DHDDS	-0.6256	0.1192
LINCSCP_250886	NA	5720	PSME1	0.8757	0.1207
LINCSCP_250886	NA	1021	CDK6	-0.9137	0.1209
LINCSCP_250886	NA	4836	NMT1	-0.9832	0.1215
LINCSCP_250886	NA	2778	GNAS	0.7611	0.1219
LINCSCP_250886	NA	23670	TMEM2	0.7092	0.1226
LINCSCP_250886	NA	23499	MACF1	0.6384	0.1227
LINCSCP_250886	NA	5993	RFX5	0.6163	0.124
LINCSCP_250886	NA	5708	PSMD2	-0.7565	0.1247
LINCSCP_250886	NA	6119	RPA3	-0.8344	0.1255
LINCSCP_250886	NA	6988	TCTA	0.7844	0.126
LINCSCP_250886	NA	8869	ST3GAL5	-0.6847	0.1267
LINCSCP_250886	NA	23326	USP22	0.8378	0.127
LINCSCP_250886	NA	51015	ISOC1	0.6934	0.127
LINCSCP_250886	NA	51375	SNX7	-0.7583	0.1271
LINCSCP_250886	NA	8312	AXIN1	0.8717	0.1277
LINCSCP_250886	NA	4125	MAN2B1	0.9865	0.129
LINCSCP_250886	NA	55793	FAM63A	0.7386	0.1291
LINCSCP_250886	NA	7016	TESK1	-0.7	0.1292
LINCSCP_250886	NA	5986	RFNG	-0.7346	0.1293
LINCSCP_250886	NA	5498	PPOX	-0.9075	0.1295
LINCSCP_250886	NA	23161	SNX13	-0.8736	0.1324
LINCSCP_250886	NA	10818	FRS2	-0.7559	0.1329
LINCSCP_250886	NA	5257	PHKB	0.7714	0.1329
LINCSCP_250886	NA	1282	COL4A1	-0.5926	0.1332
LINCSCP_250886	NA	1454	CSNK1E	-0.6135	0.1341
LINCSCP_250886	NA	9019	MPZL1	0.8053	0.1344
LINCSCP_250886	NA	1019	CDK4	0.8335	0.1348
LINCSCP_250886	NA	6944	VPS72	-0.6576	0.135
LINCSCP_250886	NA	5468	PPARG	-0.6667	0.1351
LINCSCP_250886	NA	29890	RBM15B	0.6857	0.1353
LINCSCP_250886	NA	2353	FOS	-0.9469	0.1354
LINCSCP_250886	NA	1017	CDK2	0.9452	0.1367
LINCSCP_250886	NA	54505	DHX29	1.2844	0.137
LINCSCP_250886	NA	6659	SOX4	1.0146	0.1384
LINCSCP_250886	NA	55256	ADI1	0.7087	0.1388
LINCSCP_250886	NA	8204	NRIP1	0.6272	0.1395
LINCSCP_250886	NA	23212	RRS1	1.5243	0.1395
LINCSCP_250886	NA	10921	RNPS1	1.1557	0.1399
LINCSCP_250886	NA	23325	KIAA1033	-0.6261	0.1407
LINCSCP_250886	NA	10954	PDIA5	0.5999	0.1421
LINCSCP_250886	NA	10730	YME1L1	0.881	0.1428
LINCSCP_250886	NA	11098	PRSS23	0.7417	0.1432
LINCSCP_250886	NA	2037	EPB41L2	0.8308	0.1441
LINCSCP_250886	NA	10559	SLC35A1	0.7045	0.1446
LINCSCP_250886	NA	1029	CDKN2A	-1.0784	0.1464
LINCSCP_250886	NA	9016	SLC25A14	-0.5878	0.1467
LINCSCP_250886	NA	2961	GTF2E2	-0.7217	0.1474
LINCSCP_250886	NA	22796	COG2	-3.7102	0.1478
LINCSCP_250886	NA	6919	TCEA2	-0.5859	0.1483
LINCSCP_250886	NA	8678	BECN1	-0.6131	0.1502
LINCSCP_250886	NA	2263	FGFR2	-0.5522	0.1521
LINCSCP_250886	NA	6509	SLC1A4	3.3027	0.1525
LINCSCP_250886	NA	9897	KIAA0196	-2.673	0.1533
LINCSCP_250886	NA	55179	FAIM	-0.5365	0.1535
LINCSCP_250886	NA	5607	MAP2K5	3.7383	0.1544
LINCSCP_250886	NA	6990	DYNLT3	0.6949	0.1568
LINCSCP_250886	NA	23223	RRP12	-1.7925	0.1569
LINCSCP_250886	NA	1022	CDK7	0.6217	0.1574
LINCSCP_250886	NA	6709	SPTAN1	0.5811	0.1576
LINCSCP_250886	NA	7105	TSPAN6	0.5646	0.1587
LINCSCP_250886	NA	11014	KDELR2	0.6897	0.1589
LINCSCP_250886	NA	2920	CXCL2	0.6196	0.159
LINCSCP_250886	NA	4232	MEST	-0.5797	0.1595
LINCSCP_250886	NA	64943	NT5DC2	0.5545	0.1596
LINCSCP_250886	NA	8851	CDK5R1	0.5682	0.16
LINCSCP_250886	NA	23338	JADE2	0.5391	0.1623
LINCSCP_250886	NA	9261	MAPKAPK2	0.6994	0.1631
LINCSCP_250886	NA	23244	PDS5A	0.7273	0.1632
LINCSCP_250886	NA	5831	PYCR1	0.6041	0.1642
LINCSCP_250886	NA	10641	NPRL2	-1.1173	0.1642
LINCSCP_250886	NA	10320	IKZF1	-0.614	0.167
LINCSCP_250886	NA	5467	PPARD	-0.6064	0.167
LINCSCP_250886	NA	7319	UBE2A	0.5437	0.1681
LINCSCP_250886	NA	7874	USP7	2.8089	0.1688
LINCSCP_250886	NA	22794	CASC3	0.6469	0.1691
LINCSCP_250886	NA	23335	WDR7	-0.6324	0.1707
LINCSCP_250886	NA	1662	DDX10	0.6015	0.1707
LINCSCP_250886	NA	5300	PIN1	0.6496	0.1717
LINCSCP_250886	NA	3202	HOXA5	-0.6256	0.1718
LINCSCP_250886	NA	10318	TNIP1	-3.3951	0.172
LINCSCP_250886	NA	1514	CTSL	0.5316	0.1724
LINCSCP_250886	NA	7416	VDAC1	-1.1144	0.1727
LINCSCP_250886	NA	3416	IDE	3.3829	0.174
LINCSCP_250886	NA	5290	PIK3CA	-0.7183	0.1743
LINCSCP_250886	NA	79174	CRELD2	-0.5713	0.1749
LINCSCP_250886	NA	5873	RAB27A	-0.6304	0.1752
LINCSCP_250886	NA	51160	VPS28	0.6333	0.1756
LINCSCP_250886	NA	8444	DYRK3	-0.5703	0.1757
LINCSCP_250886	NA	1831	TSC22D3	0.7001	0.1757
LINCSCP_250886	NA	3486	IGFBP3	-0.6245	0.1766
LINCSCP_250886	NA	388650	FAM69A	-0.5941	0.1767
LINCSCP_250886	NA	501	ALDH7A1	0.5052	0.1767
LINCSCP_250886	NA	23635	SSBP2	-0.5647	0.1772
LINCSCP_250886	NA	2736	GLI2	-0.8258	0.1774
LINCSCP_250886	NA	25825	BACE2	-0.639	0.1779
LINCSCP_250886	NA	10775	POP4	0.9761	0.1785
LINCSCP_250886	NA	39	ACAT2	-3.3514	0.1791
LINCSCP_250886	NA	8243	SMC1A	-2.3474	0.1791
LINCSCP_250886	NA	6182	MRPL12	0.5414	0.1796
LINCSCP_250886	NA	23131	GPATCH8	2.4798	0.18
LINCSCP_250886	NA	9917	FAM20B	0.5397	0.1803
LINCSCP_250886	NA	90861	HN1L	0.6632	0.1806
LINCSCP_250886	NA	5440	POLR2K	0.603	0.1807
LINCSCP_250886	NA	8446	DUSP11	-0.5814	0.1812
LINCSCP_250886	NA	6812	STXBP1	0.8115	0.183
LINCSCP_250886	NA	10221	TRIB1	-0.7165	0.1831
LINCSCP_250886	NA	26993	AKAP8L	1.7889	0.1835
LINCSCP_250886	NA	142	PARP1	0.8193	0.1843
LINCSCP_250886	NA	10206	TRIM13	-0.7171	0.1846
LINCSCP_250886	NA	55608	ANKRD10	0.6464	0.1852
LINCSCP_250886	NA	51097	SCCPDH	0.8483	0.1858
LINCSCP_250886	NA	23530	NNT	0.7482	0.186
LINCSCP_250886	NA	23097	CDK19	0.6187	0.1862
LINCSCP_250886	NA	178	AGL	2.4425	0.1868
LINCSCP_250886	NA	58497	PRUNE	0.4869	0.1874
LINCSCP_250886	NA	1123	CHN1	-0.507	0.1881
LINCSCP_250886	NA	5255	PHKA1	-0.5033	0.1908
LINCSCP_250886	NA	51056	LAP3	-3.2655	0.1917
LINCSCP_250886	NA	23149	FCHO1	-0.715	0.1947
LINCSCP_250886	NA	7168	TPM1	0.567	0.1948
LINCSCP_250886	NA	9455	HOMER2	0.9799	0.1964
LINCSCP_250886	NA	7750	ZMYM2	0.6011	0.1969
LINCSCP_250886	NA	51599	LSR	-0.4822	0.1977
LINCSCP_250886	NA	2065	ERBB3	0.8219	0.1994
LINCSCP_250886	NA	10523	CHERP	0.6591	0.1996
LINCSCP_250886	NA	1050	CEBPA	0.6799	0.201
LINCSCP_250886	NA	124583	CANT1	-3.2091	0.201
LINCSCP_250886	NA	10797	MTHFD2	0.6576	0.2019
LINCSCP_250886	NA	5438	POLR2I	-3.2135	0.2031
LINCSCP_250886	NA	9703	KIAA0100	0.6172	0.2042
LINCSCP_250886	NA	6253	RTN2	-0.7243	0.2062
LINCSCP_250886	NA	51466	EVL	0.5529	0.2066
LINCSCP_250886	NA	11261	CHP1	-0.6126	0.2077
LINCSCP_250886	NA	960	CD44	-0.5194	0.2078
LINCSCP_250886	NA	3398	ID2	0.825	0.2082
LINCSCP_250886	NA	8800	PEX11A	3.6515	0.2083
LINCSCP_250886	NA	79643	CHMP6	1.5018	0.2119
LINCSCP_250886	NA	29763	PACSIN3	0.781	0.2131
LINCSCP_250886	NA	23300	ATMIN	0.521	0.2151
LINCSCP_250886	NA	7157	TP53	0.5715	0.2157
LINCSCP_250886	NA	3091	HIF1A	-0.5411	0.2162
LINCSCP_250886	NA	10973	ASCC3	0.6134	0.2163
LINCSCP_250886	NA	3628	INPP1	-0.4733	0.2176
LINCSCP_250886	NA	2109	ETFB	0.7951	0.2179
LINCSCP_250886	NA	2146	EZH2	0.6418	0.2182
LINCSCP_250886	NA	7690	ZNF131	0.6567	0.2196
LINCSCP_250886	NA	3566	IL4R	-0.7372	0.22
LINCSCP_250886	NA	57761	TRIB3	-2.0727	0.2201
LINCSCP_250886	NA	6714	SRC	2.3285	0.2207
LINCSCP_250886	NA	11031	RAB31	1.2152	0.2214
LINCSCP_250886	NA	1500	CTNND1	-1.2707	0.2221
LINCSCP_250886	NA	54512	EXOSC4	-0.647	0.2243
LINCSCP_250886	NA	622	BDH1	1.0213	0.2244
LINCSCP_250886	NA	5880	RAC2	0.4369	0.2249
LINCSCP_250886	NA	26020	LRP10	0.5699	0.2264
LINCSCP_250886	NA	8553	BHLHE40	-0.4568	0.2267
LINCSCP_250886	NA	3157	HMGCS1	-2.2356	0.2273
LINCSCP_250886	NA	10190	TXNDC9	-3.0548	0.2276
LINCSCP_250886	NA	5721	PSME2	0.6657	0.2284
LINCSCP_250886	NA	11232	POLG2	0.5247	0.23
LINCSCP_250886	NA	387	RHOA	0.6048	0.2309
LINCSCP_250886	NA	868	CBLB	-0.5778	0.2328
LINCSCP_250886	NA	10962	MLLT11	0.8956	0.2334
LINCSCP_250886	NA	9709	HERPUD1	0.7371	0.2343
LINCSCP_250886	NA	4582	MUC1	0.7747	0.2351
LINCSCP_250886	NA	80758	PRR7	-1.2443	0.236
LINCSCP_250886	NA	3303	HSPA1A	0.4749	0.2376
LINCSCP_250886	NA	11284	PNKP	-0.5359	0.238
LINCSCP_250886	NA	3597	IL13RA1	-0.4714	0.2389
LINCSCP_250886	NA	8520	HAT1	-1.1652	0.2389
LINCSCP_250886	NA	7994	KAT6A	-0.5304	0.2399
LINCSCP_250886	NA	2908	NR3C1	2.9942	0.2403
LINCSCP_250886	NA	29928	TIMM22	-0.5532	0.2403
LINCSCP_250886	NA	85377	MICALL1	0.4478	0.2408
LINCSCP_250886	NA	58478	ENOPH1	-2.2029	0.2411
LINCSCP_250886	NA	1070	CETN3	-0.4815	0.2428
LINCSCP_250886	NA	1452	CSNK1A1	0.4443	0.2428
LINCSCP_250886	NA	976	ADGRE5	2.9615	0.2446
LINCSCP_250886	NA	51070	NOSIP	0.5195	0.2458
LINCSCP_250886	NA	1829	DSG2	0.4228	0.2463
LINCSCP_250886	NA	4043	LRPAP1	0.5751	0.2463
LINCSCP_250886	NA	28969	BZW2	-0.6316	0.2465
LINCSCP_250886	NA	7099	TLR4	-0.4954	0.2468
LINCSCP_250886	NA	7905	REEP5	-0.7682	0.248
LINCSCP_250886	NA	1026	CDKN1A	0.5426	0.248
LINCSCP_250886	NA	6616	SNAP25	2.9462	0.2482
LINCSCP_250886	NA	23142	DCUN1D4	-0.6049	0.2486
LINCSCP_250886	NA	10493	VAT1	0.4716	0.2488
LINCSCP_250886	NA	7082	TJP1	0.8544	0.2493
LINCSCP_250886	NA	10362	HMG20B	-2.9313	0.2504
LINCSCP_250886	NA	3383	ICAM1	-0.4831	0.2508
LINCSCP_250886	NA	6793	STK10	-0.5035	0.2517
LINCSCP_250886	NA	1956	EGFR	0.7282	0.2519
LINCSCP_250886	NA	348	APOE	-0.6535	0.2524
LINCSCP_250886	NA	5792	PTPRF	-0.6096	0.2528
LINCSCP_250886	NA	3930	LBR	0.5914	0.2529
LINCSCP_250886	NA	9552	SPAG7	0.5952	0.2532
LINCSCP_250886	NA	55127	HEATR1	0.5276	0.2537
LINCSCP_250886	NA	5547	PRCP	-1.1407	0.2555
LINCSCP_250886	NA	8324	FZD7	2.9531	0.2555
LINCSCP_250886	NA	8726	EED	0.4391	0.2571
LINCSCP_250886	NA	5925	RB1	-0.4803	0.2577
LINCSCP_250886	NA	840	CASP7	0.5724	0.2582
LINCSCP_250886	NA	6390	SDHB	0.8224	0.2595
LINCSCP_250886	NA	10682	EBP	-0.5987	0.2611
LINCSCP_250886	NA	27244	SESN1	0.5997	0.262
LINCSCP_250886	NA	10270	AKAP8	-0.4232	0.2623
LINCSCP_250886	NA	9710	KIAA0355	2.8616	0.2641
LINCSCP_250886	NA	1277	COL1A1	0.7952	0.2645
LINCSCP_250886	NA	5715	PSMD9	0.8932	0.2649
LINCSCP_250886	NA	84722	PSRC1	-0.5992	0.2656
LINCSCP_250886	NA	993	CDC25A	0.5349	0.2665
LINCSCP_250886	NA	80212	CCDC92	2.719	0.2667
LINCSCP_250886	NA	3312	HSPA8	-2.8473	0.2676
LINCSCP_250886	NA	55604	LRRC16A	1.3621	0.2678
LINCSCP_250886	NA	375346	TMEM110	0.4327	0.2689
LINCSCP_250886	NA	56889	TM9SF3	0.4605	0.269
LINCSCP_250886	NA	56997	ADCK3	-0.4822	0.2695
LINCSCP_250886	NA	79187	FSD1	0.4515	0.2699
LINCSCP_250886	NA	4931	NVL	-1.7396	0.2714
LINCSCP_250886	NA	55958	KLHL9	0.512	0.2719
LINCSCP_250886	NA	79080	CCDC86	0.4188	0.2719
LINCSCP_250886	NA	3682	ITGAE	-2.8144	0.2735
LINCSCP_250886	NA	9128	PRPF4	0.3905	0.2739
LINCSCP_250886	NA	23321	TRIM2	-0.4218	0.2747
LINCSCP_250886	NA	5048	PAFAH1B1	-0.3955	0.275
LINCSCP_250886	NA	4690	NCK1	0.5233	0.2751
LINCSCP_250886	NA	6118	RPA2	0.9171	0.2759
LINCSCP_250886	NA	5782	PTPN12	0.4895	0.2776
LINCSCP_250886	NA	23014	FBXO21	-3.2027	0.2782
LINCSCP_250886	NA	1027	CDKN1B	-1.4213	0.2787
LINCSCP_250886	NA	10434	LYPLA1	-1.4952	0.2799
LINCSCP_250886	NA	3925	STMN1	0.4141	0.281
LINCSCP_250886	NA	60493	FASTKD5	0.4142	0.2812
LINCSCP_250886	NA	9134	CCNE2	0.4022	0.2865
LINCSCP_250886	NA	4792	NFKBIA	0.4558	0.2867
LINCSCP_250886	NA	2887	GRB10	-0.5573	0.2867
LINCSCP_250886	NA	10273	STUB1	-2.7476	0.2869
LINCSCP_250886	NA	51001	MTERF3	-2.7547	0.2869
LINCSCP_250886	NA	8804	CREG1	0.8443	0.2875
LINCSCP_250886	NA	55011	PIH1D1	-0.8399	0.2887
LINCSCP_250886	NA	5223	PGAM1	0.584	0.2889
LINCSCP_250886	NA	2048	EPHB2	2.7428	0.2895
LINCSCP_250886	NA	4927	NUP88	0.4952	0.2912
LINCSCP_250886	NA	51495	HACD3	-2.2522	0.2922
LINCSCP_250886	NA	50865	HEBP1	-0.4338	0.2933
LINCSCP_250886	NA	23076	RRP1B	0.5481	0.2938
LINCSCP_250886	NA	30836	DNTTIP2	0.4067	0.2941
LINCSCP_250886	NA	8318	CDC45	-0.3998	0.2942
LINCSCP_250886	NA	701	BUB1B	-1.9542	0.2969
LINCSCP_250886	NA	9289	ADGRG1	0.4788	0.2984
LINCSCP_250886	NA	9851	KIAA0753	-0.3859	0.2997
LINCSCP_250886	NA	23365	ARHGEF12	-0.3745	0.2998
LINCSCP_250886	NA	1738	DLD	-2.7193	0.2998
LINCSCP_250886	NA	5829	PXN	0.5193	0.3
LINCSCP_250886	NA	1759	DNM1	0.4644	0.3005
LINCSCP_250886	NA	6193	RPS5	0.5659	0.3016
LINCSCP_250886	NA	80746	TSEN2	0.5631	0.3029
LINCSCP_250886	NA	533	ATP6V0B	0.5528	0.304
LINCSCP_250886	NA	11151	CORO1A	-0.5066	0.3059
LINCSCP_250886	NA	128	ADH5	-0.3975	0.3076
LINCSCP_250886	NA	1445	CSK	0.4811	0.3087
LINCSCP_250886	NA	102	ADAM10	0.5985	0.3092
LINCSCP_250886	NA	9813	EFCAB14	0.5181	0.3099
LINCSCP_250886	NA	63874	ABHD4	-0.4155	0.3108
LINCSCP_250886	NA	481	ATP1B1	0.4577	0.3114
LINCSCP_250886	NA	9267	CYTH1	-0.361	0.3116
LINCSCP_250886	NA	27242	TNFRSF21	-2.1024	0.3131
LINCSCP_250886	NA	9903	KLHL21	2.5115	0.3147
LINCSCP_250886	NA	10732	TCFL5	-1.244	0.3172
LINCSCP_250886	NA	7015	TERT	-0.4624	0.3176
LINCSCP_250886	NA	665	BNIP3L	-0.4583	0.3182
LINCSCP_250886	NA	23658	LSM5	-2.5946	0.3196
LINCSCP_250886	NA	10007	GNPDA1	-0.6416	0.3203
LINCSCP_250886	NA	1848	DUSP6	-0.54	0.3208
LINCSCP_250886	NA	670	BPHL	-0.8769	0.3217
LINCSCP_250886	NA	3315	HSPB1	-0.489	0.3223
LINCSCP_250886	NA	7866	IFRD2	-0.8682	0.3249
LINCSCP_250886	NA	64746	ACBD3	0.3464	0.3249
LINCSCP_250886	NA	54205	CYCS	-2.5701	0.325
LINCSCP_250886	NA	5321	PLA2G4A	-0.7608	0.3261
LINCSCP_250886	NA	55012	PPP2R3C	-0.609	0.3265
LINCSCP_250886	NA	25	ABL1	-2.8456	0.3272
LINCSCP_250886	NA	11137	PWP1	0.4392	0.3281
LINCSCP_250886	NA	207	AKT1	0.5036	0.3286
LINCSCP_250886	NA	5423	POLB	-0.605	0.3289
LINCSCP_250886	NA	2264	FGFR4	0.3736	0.3299
LINCSCP_250886	NA	9448	MAP4K4	0.5395	0.3301
LINCSCP_250886	NA	1052	CEBPD	1.8485	0.3321
LINCSCP_250886	NA	3156	HMGCR	-0.3365	0.3327
LINCSCP_250886	NA	23013	SPEN	-1.0981	0.3337
LINCSCP_250886	NA	3508	IGHMBP2	-0.4468	0.3338
LINCSCP_250886	NA	54442	KCTD5	0.9685	0.3359
LINCSCP_250886	NA	2042	EPHA3	0.9385	0.3364
LINCSCP_250886	NA	1213	CLTC	0.5141	0.3376
LINCSCP_250886	NA	9928	KIF14	0.3422	0.3384
LINCSCP_250886	NA	7088	TLE1	0.5094	0.342
LINCSCP_250886	NA	5627	PROS1	0.4952	0.3427
LINCSCP_250886	NA	23038	WDTC1	0.4361	0.3428
LINCSCP_250886	NA	9170	LPAR2	0.3441	0.3431
LINCSCP_250886	NA	3988	LIPA	-0.365	0.3454
LINCSCP_250886	NA	8321	FZD1	-0.5983	0.3475
LINCSCP_250886	NA	3280	HES1	-0.3609	0.3479
LINCSCP_250886	NA	9918	NCAPD2	-0.4177	0.3479
LINCSCP_250886	NA	7358	UGDH	-0.3558	0.348
LINCSCP_250886	NA	5891	MOK	-0.4451	0.3487
LINCSCP_250886	NA	5770	PTPN1	0.3543	0.349
LINCSCP_250886	NA	29082	CHMP4A	-2.4688	0.349
LINCSCP_250886	NA	4817	NIT1	-0.483	0.3498
LINCSCP_250886	NA	7106	TSPAN4	-0.4067	0.3526
LINCSCP_250886	NA	808	CALM3	-0.4039	0.353
LINCSCP_250886	NA	896	CCND3	-0.4344	0.3547
LINCSCP_250886	NA	3028	HSD17B10	0.7878	0.3571
LINCSCP_250886	NA	9531	BAG3	-2.4262	0.3577
LINCSCP_250886	NA	596	BCL2	0.3506	0.3577
LINCSCP_250886	NA	2542	SLC37A4	-1.2341	0.3581
LINCSCP_250886	NA	1845	DUSP3	-0.5331	0.3587
LINCSCP_250886	NA	4303	FOXO4	0.5221	0.3595
LINCSCP_250886	NA	55148	UBR7	-0.7407	0.3601
LINCSCP_250886	NA	51024	FIS1	-1.5004	0.3604
LINCSCP_250886	NA	65057	ACD	-0.3903	0.3604
LINCSCP_250886	NA	10057	ABCC5	0.4317	0.3613
LINCSCP_250886	NA	8974	P4HA2	-0.3248	0.3617
LINCSCP_250886	NA	11073	TOPBP1	-0.3281	0.3617
LINCSCP_250886	NA	3693	ITGB5	0.5196	0.3618
LINCSCP_250886	NA	9641	IKBKE	2.2267	0.3619
LINCSCP_250886	NA	81533	ITFG1	-0.3929	0.3626
LINCSCP_250886	NA	5525	PPP2R5A	0.5635	0.3627
LINCSCP_250886	NA	4067	LYN	2.4072	0.3636
LINCSCP_250886	NA	23588	KLHDC2	-0.3809	0.3637
LINCSCP_250886	NA	5050	PAFAH1B3	0.3481	0.3643
LINCSCP_250886	NA	79902	NUP85	-2.3976	0.3645
LINCSCP_250886	NA	8270	LAGE3	0.4298	0.3658
LINCSCP_250886	NA	79143	MBOAT7	-1.5096	0.3668
LINCSCP_250886	NA	991	CDC20	-1.2707	0.3671
LINCSCP_250886	NA	54541	DDIT4	-0.3452	0.3675
LINCSCP_250886	NA	55008	HERC6	2.3775	0.3696
LINCSCP_250886	NA	6696	SPP1	2.3743	0.37
LINCSCP_250886	NA	5236	PGM1	0.3578	0.3724
LINCSCP_250886	NA	2946	GSTM2	-0.5006	0.373
LINCSCP_250886	NA	5480	PPIC	0.3461	0.3731
LINCSCP_250886	NA	22905	EPN2	1.2543	0.3736
LINCSCP_250886	NA	4846	NOS3	-0.3811	0.3739
LINCSCP_250886	NA	5696	PSMB8	-0.3414	0.3742
LINCSCP_250886	NA	57804	POLD4	-0.5091	0.3749
LINCSCP_250886	NA	9697	TRAM2	0.6457	0.3765
LINCSCP_250886	NA	3033	HADH	-0.4334	0.3771
LINCSCP_250886	NA	5777	PTPN6	0.4425	0.379
LINCSCP_250886	NA	54807	ZNF586	2.0588	0.3794
LINCSCP_250886	NA	9868	TOMM70A	0.5983	0.3803
LINCSCP_250886	NA	2523	FUT1	-0.5125	0.3823
LINCSCP_250886	NA	9093	DNAJA3	-2.3218	0.3823
LINCSCP_250886	NA	91949	COG7	-0.3198	0.3827
LINCSCP_250886	NA	6443	SGCB	2.1028	0.3846
LINCSCP_250886	NA	23410	SIRT3	2.3214	0.3848
LINCSCP_250886	NA	25839	COG4	-1.759	0.3854
LINCSCP_250886	NA	7048	TGFBR2	1.8151	0.3855
LINCSCP_250886	NA	10857	PGRMC1	0.5276	0.3863
LINCSCP_250886	NA	2195	FAT1	-0.4218	0.3863
LINCSCP_250886	NA	890	CCNA2	0.3587	0.3883
LINCSCP_250886	NA	5971	RELB	2.2843	0.3932
LINCSCP_250886	NA	6697	SPR	-1.828	0.3944
LINCSCP_250886	NA	55818	KDM3A	-0.5078	0.3952
LINCSCP_250886	NA	392	ARHGAP1	0.4817	0.3958
LINCSCP_250886	NA	10670	RRAGA	0.3396	0.3964
LINCSCP_250886	NA	3480	IGF1R	0.7754	0.3966
LINCSCP_250886	NA	5827	PXMP2	-0.3454	0.3976
LINCSCP_250886	NA	4850	CNOT4	0.3108	0.3992
LINCSCP_250886	NA	2954	GSTZ1	-0.4317	0.3997
LINCSCP_250886	NA	6790	AURKA	0.296	0.4007
LINCSCP_250886	NA	10525	HYOU1	-0.3305	0.4032
LINCSCP_250886	NA	823	CAPN1	0.7982	0.4046
LINCSCP_250886	NA	6774	STAT3	-0.5156	0.4049
LINCSCP_250886	NA	64428	NARFL	-0.4162	0.4083
LINCSCP_250886	NA	51203	NUSAP1	0.3995	0.4085
LINCSCP_250886	NA	1870	E2F2	-0.4516	0.4085
LINCSCP_250886	NA	51021	MRPS16	0.3021	0.4101
LINCSCP_250886	NA	10227	MFSD10	0.4716	0.4108
LINCSCP_250886	NA	5601	MAPK9	-0.5609	0.4118
LINCSCP_250886	NA	29937	NENF	-0.4864	0.4125
LINCSCP_250886	NA	8202	NCOA3	0.3712	0.4126
LINCSCP_250886	NA	58533	SNX6	-0.595	0.4134
LINCSCP_250886	NA	9915	ARNT2	-0.3562	0.4147
LINCSCP_250886	NA	1643	DDB2	0.2991	0.4149
LINCSCP_250886	NA	5111	PCNA	0.5362	0.4156
LINCSCP_250886	NA	26520	TIMM9	-2.1729	0.4189
LINCSCP_250886	NA	329	BIRC2	0.3059	0.4194
LINCSCP_250886	NA	7165	TPD52L2	0.7816	0.4206
LINCSCP_250886	NA	23029	RBM34	-2.1675	0.4208
LINCSCP_250886	NA	81544	GDPD5	1.7507	0.4223
LINCSCP_250886	NA	4791	NFKB2	-0.4096	0.4276
LINCSCP_250886	NA	5018	OXA1L	-1.3938	0.4281
LINCSCP_250886	NA	5357	PLS1	0.338	0.4282
LINCSCP_250886	NA	5985	RFC5	-1.8619	0.4292
LINCSCP_250886	NA	5796	PTPRK	-0.3885	0.4292
LINCSCP_250886	NA	1861	TOR1A	-1.8491	0.4292
LINCSCP_250886	NA	3098	HK1	0.2875	0.4292
LINCSCP_250886	NA	3611	ILK	0.2834	0.433
LINCSCP_250886	NA	10765	KDM5B	-0.3055	0.4353
LINCSCP_250886	NA	10489	LRRC41	-0.4197	0.4362
LINCSCP_250886	NA	10813	UTP14A	-0.3339	0.4363
LINCSCP_250886	NA	6810	STX4	-0.2927	0.4364
LINCSCP_250886	NA	23139	MAST2	0.3987	0.4371
LINCSCP_250886	NA	22926	ATF6	0.4028	0.4376
LINCSCP_250886	NA	9690	UBE3C	-0.9715	0.4386
LINCSCP_250886	NA	5529	PPP2R5E	-0.3316	0.4413
LINCSCP_250886	NA	9805	SCRN1	0.3489	0.443
LINCSCP_250886	NA	79921	TCEAL4	0.3196	0.4438
LINCSCP_250886	NA	23636	NUP62	0.3853	0.444
LINCSCP_250886	NA	3206	HOXA10	0.3565	0.4449
LINCSCP_250886	NA	10049	DNAJB6	-0.4118	0.4449
LINCSCP_250886	NA	9926	LPGAT1	-0.6515	0.4453
LINCSCP_250886	NA	4208	MEF2C	2.0815	0.448
LINCSCP_250886	NA	8826	IQGAP1	0.4269	0.4482
LINCSCP_250886	NA	6603	SMARCD2	0.3215	0.4492
LINCSCP_250886	NA	1398	CRK	0.2857	0.4498
LINCSCP_250886	NA	5058	PAK1	0.3088	0.45
LINCSCP_250886	NA	8440	NCK2	0.4003	0.4512
LINCSCP_250886	NA	4851	NOTCH1	1.3575	0.4513
LINCSCP_250886	NA	26036	ZNF451	0.4857	0.4549
LINCSCP_250886	NA	8091	HMGA2	-0.3008	0.4561
LINCSCP_250886	NA	8569	MKNK1	-0.3771	0.4562
LINCSCP_250886	NA	79716	NPEPL1	0.25	0.4596
LINCSCP_250886	NA	1429	CRYZ	0.294	0.4598
LINCSCP_250886	NA	64781	CERK	0.7266	0.4601
LINCSCP_250886	NA	55893	ZNF395	-0.477	0.4603
LINCSCP_250886	NA	5583	PRKCH	2.0148	0.4609
LINCSCP_250886	NA	116832	RPL39L	-0.2822	0.4614
LINCSCP_250886	NA	10953	TOMM34	0.3427	0.4629
LINCSCP_250886	NA	84617	TUBB6	-1.9954	0.4644
LINCSCP_250886	NA	994	CDC25B	-1.9934	0.4645
LINCSCP_250886	NA	6813	STXBP2	0.3212	0.4668
LINCSCP_250886	NA	55825	PECR	1.9842	0.469
LINCSCP_250886	NA	5054	SERPINE1	-0.3232	0.4692
LINCSCP_250886	NA	5997	RGS2	1.4517	0.4694
LINCSCP_250886	NA	1786	DNMT1	0.4599	0.4694
LINCSCP_250886	NA	10058	ABCB6	0.3705	0.4718
LINCSCP_250886	NA	26227	PHGDH	0.2992	0.472
LINCSCP_250886	NA	9650	MTFR1	-0.3023	0.4725
LINCSCP_250886	NA	8835	SOCS2	-0.3762	0.4745
LINCSCP_250886	NA	55033	FKBP14	-0.3073	0.4757
LINCSCP_250886	NA	57019	CIAPIN1	0.2383	0.4805
LINCSCP_250886	NA	2548	GAA	0.2407	0.481
LINCSCP_250886	NA	56924	PAK6	0.2614	0.4814
LINCSCP_250886	NA	25803	SPDEF	0.3828	0.4839
LINCSCP_250886	NA	57215	THAP11	-0.8775	0.4859
LINCSCP_250886	NA	79850	FAM57A	0.3256	0.4859
LINCSCP_250886	NA	843	CASP10	0.7641	0.488
LINCSCP_250886	NA	2625	GATA3	-0.5837	0.4886
LINCSCP_250886	NA	291	SLC25A4	0.243	0.489
LINCSCP_250886	NA	4172	MCM3	-0.7993	0.4897
LINCSCP_250886	NA	51053	GMNN	-0.2802	0.4901
LINCSCP_250886	NA	3122	HLA-DRA	-0.3649	0.4906
LINCSCP_250886	NA	51422	PRKAG2	-0.2385	0.4913
LINCSCP_250886	NA	64080	RBKS	0.2494	0.493
LINCSCP_250886	NA	27346	TMEM97	0.2914	0.4949
LINCSCP_250886	NA	8731	RNMT	0.3245	0.4949
LINCSCP_250886	NA	10038	PARP2	-1.1665	0.4955
LINCSCP_250886	NA	7074	TIAM1	0.2485	0.4974
LINCSCP_250886	NA	672	BRCA1	0.2328	0.498
LINCSCP_250886	NA	10099	TSPAN3	0.2455	0.5005
LINCSCP_250886	NA	10494	STK25	0.3616	0.5058
LINCSCP_250886	NA	958	CD40	0.3444	0.5064
LINCSCP_250886	NA	652	BMP4	0.2973	0.5075
LINCSCP_250886	NA	55556	ENOSF1	0.3389	0.5084
LINCSCP_250886	NA	5566	PRKACA	-0.2395	0.5096
LINCSCP_250886	NA	3308	HSPA4	0.246	0.5098
LINCSCP_250886	NA	5355	PLP2	-0.3028	0.5118
LINCSCP_250886	NA	30	ACAA1	-0.2521	0.5129
LINCSCP_250886	NA	8884	SLC5A6	-1.0349	0.5148
LINCSCP_250886	NA	54733	SLC35F2	-0.5	0.515
LINCSCP_250886	NA	351	APP	-0.3088	0.517
LINCSCP_250886	NA	23647	ARFIP2	0.392	0.5197
LINCSCP_250886	NA	9637	FEZ2	0.2348	0.5202
LINCSCP_250886	NA	3800	KIF5C	-0.2539	0.5208
LINCSCP_250886	NA	899	CCNF	-0.5783	0.5218
LINCSCP_250886	NA	26064	RAI14	-0.2993	0.5227
LINCSCP_250886	NA	831	CAST	-0.2438	0.523
LINCSCP_250886	NA	51282	SCAND1	-0.2899	0.5246
LINCSCP_250886	NA	1509	CTSD	0.461	0.5248
LINCSCP_250886	NA	5110	PCMT1	-0.4094	0.5276
LINCSCP_250886	NA	23224	SYNE2	0.3443	0.5285
LINCSCP_250886	NA	9126	SMC3	-0.3219	0.5302
LINCSCP_250886	NA	23061	TBC1D9B	0.2965	0.5322
LINCSCP_250886	NA	10695	CNPY3	0.3183	0.5331
LINCSCP_250886	NA	55748	CNDP2	-0.9514	0.5335
LINCSCP_250886	NA	4893	NRAS	0.3453	0.5358
LINCSCP_250886	NA	10782	ZNF274	-0.2441	0.5424
LINCSCP_250886	NA	23	ABCF1	0.3249	0.5436
LINCSCP_250886	NA	23378	RRP8	-0.3706	0.5447
LINCSCP_250886	NA	6500	SKP1	0.2654	0.5452
LINCSCP_250886	NA	9124	PDLIM1	-0.2111	0.5473
LINCSCP_250886	NA	8895	CPNE3	0.3164	0.5482
LINCSCP_250886	NA	83743	GRWD1	0.3502	0.5491
LINCSCP_250886	NA	3815	KIT	-0.2671	0.5493
LINCSCP_250886	NA	2810	SFN	-0.2275	0.5504
LINCSCP_250886	NA	6909	TBX2	0.3515	0.5525
LINCSCP_250886	NA	54915	YTHDF1	-0.4172	0.5527
LINCSCP_250886	NA	6915	TBXA2R	-0.2453	0.5559
LINCSCP_250886	NA	1950	EGF	0.3117	0.5569
LINCSCP_250886	NA	5710	PSMD4	-0.4028	0.5569
LINCSCP_250886	NA	7867	MAPKAPK3	-0.2949	0.5571
LINCSCP_250886	NA	6622	SNCA	0.1988	0.5583
LINCSCP_250886	NA	9924	PAN2	-0.6814	0.5584
LINCSCP_250886	NA	80349	WDR61	0.2234	0.5585
LINCSCP_250886	NA	56940	DUSP22	-0.2429	0.5593
LINCSCP_250886	NA	5921	RASA1	0.1939	0.5609
LINCSCP_250886	NA	6839	SUV39H1	0.3831	0.5614
LINCSCP_250886	NA	6195	RPS6KA1	0.2409	0.5631
LINCSCP_250886	NA	10652	YKT6	0.1943	0.5633
LINCSCP_250886	NA	5019	OXCT1	0.2779	0.5649
LINCSCP_250886	NA	9847	C2CD5	0.2216	0.5654
LINCSCP_250886	NA	55129	ANO10	0.3649	0.5655
LINCSCP_250886	NA	4891	SLC11A2	0.2046	0.5691
LINCSCP_250886	NA	11041	B4GAT1	0.2849	0.5696
LINCSCP_250886	NA	4775	NFATC3	0.9783	0.5718
LINCSCP_250886	NA	10174	SORBS3	0.3953	0.5719
LINCSCP_250886	NA	25932	CLIC4	-0.6949	0.5739
LINCSCP_250886	NA	9854	C2CD2L	0.2048	0.575
LINCSCP_250886	NA	3385	ICAM3	0.3564	0.5756
LINCSCP_250886	NA	54386	TERF2IP	0.2246	0.5762
LINCSCP_250886	NA	154	ADRB2	0.6617	0.5775
LINCSCP_250886	NA	8900	CCNA1	-0.4119	0.5785
LINCSCP_250886	NA	2017	CTTN	0.2112	0.5812
LINCSCP_250886	NA	10610	ST6GALNAC2	-0.351	0.5829
LINCSCP_250886	NA	2582	GALE	-0.3089	0.5843
LINCSCP_250886	NA	2770	GNAI1	1.5512	0.5862
LINCSCP_250886	NA	1802	DPH2	0.272	0.5881
LINCSCP_250886	NA	55746	NUP133	-0.2349	0.5912
LINCSCP_250886	NA	79600	TCTN1	0.5988	0.5959
LINCSCP_250886	NA	1891	ECH1	0.2742	0.5963
LINCSCP_250886	NA	6275	S100A4	0.1906	0.5966
LINCSCP_250886	NA	2624	GATA2	-0.2417	0.5967
LINCSCP_250886	NA	11157	LSM6	0.2268	0.5996
LINCSCP_250886	NA	5261	PHKG2	0.1892	0.6036
LINCSCP_250886	NA	1111	CHEK1	0.3255	0.6043
LINCSCP_250886	NA	3162	HMOX1	-0.2194	0.6091
LINCSCP_250886	NA	55837	EAPP	0.2103	0.61
LINCSCP_250886	NA	54881	TEX10	-0.63	0.6106
LINCSCP_250886	NA	1846	DUSP4	0.2972	0.6114
LINCSCP_250886	NA	29916	SNX11	0.2583	0.613
LINCSCP_250886	NA	10606	PAICS	0.1742	0.6141
LINCSCP_250886	NA	5359	PLSCR1	-0.3429	0.6169
LINCSCP_250886	NA	51569	UFM1	-0.2968	0.6174
LINCSCP_250886	NA	4088	SMAD3	0.2094	0.6189
LINCSCP_250886	NA	54681	P4HTM	-0.1933	0.62
LINCSCP_250886	NA	50810	HDGFRP3	0.2043	0.6203
LINCSCP_250886	NA	9695	EDEM1	0.274	0.6208
LINCSCP_250886	NA	2745	GLRX	-0.1759	0.6219
LINCSCP_250886	NA	6284	S100A13	-0.2693	0.6226
LINCSCP_250886	NA	6464	SHC1	0.4192	0.625
LINCSCP_250886	NA	8837	CFLAR	-0.2705	0.6274
LINCSCP_250886	NA	4312	MMP1	0.5391	0.6286
LINCSCP_250886	NA	6347	CCL2	0.5065	0.6315
LINCSCP_250886	NA	230	ALDOC	0.2737	0.6316
LINCSCP_250886	NA	1978	EIF4EBP1	0.2077	0.6329
LINCSCP_250886	NA	26054	SENP6	0.1783	0.6335
LINCSCP_250886	NA	466	ATF1	0.2114	0.6342
LINCSCP_250886	NA	6184	RPN1	0.4496	0.6367
LINCSCP_250886	NA	84159	ARID5B	0.1773	0.6375
LINCSCP_250886	NA	51719	CAB39	0.2236	0.6386
LINCSCP_250886	NA	8503	PIK3R3	0.1655	0.6388
LINCSCP_250886	NA	64429	ZDHHC6	-0.4382	0.6391
LINCSCP_250886	NA	835	CASP2	0.2186	0.6413
LINCSCP_250886	NA	57147	SCYL3	-0.2837	0.643
LINCSCP_250886	NA	256364	EML3	-0.2857	0.6434
LINCSCP_250886	NA	2356	FPGS	0.2222	0.6444
LINCSCP_250886	NA	30849	PIK3R4	0.2526	0.6446
LINCSCP_250886	NA	6009	RHEB	0.3006	0.6459
LINCSCP_250886	NA	5867	RAB4A	0.265	0.6499
LINCSCP_250886	NA	54850	FBXL12	0.4622	0.6515
LINCSCP_250886	NA	11007	CCDC85B	0.2243	0.6538
LINCSCP_250886	NA	51465	UBE2J1	-0.1714	0.6539
LINCSCP_250886	NA	26292	MYCBP	-0.2576	0.6582
LINCSCP_250886	NA	4144	MAT2A	0.2142	0.6603
LINCSCP_250886	NA	55620	STAP2	0.6782	0.6619
LINCSCP_250886	NA	22841	RAB11FIP2	0.2271	0.6623
LINCSCP_250886	NA	10776	ARPP19	-0.3601	0.6624
LINCSCP_250886	NA	9653	HS2ST1	-0.2673	0.6633
LINCSCP_250886	NA	2534	FYN	0.2696	0.6656
LINCSCP_250886	NA	3300	DNAJB2	0.1889	0.668
LINCSCP_250886	NA	11065	UBE2C	-0.1769	0.6687
LINCSCP_250886	NA	29911	HOOK2	0.1626	0.6712
LINCSCP_250886	NA	4780	NFE2L2	0.1526	0.6727
LINCSCP_250886	NA	27032	ATP2C1	-0.1854	0.6771
LINCSCP_250886	NA	93487	MAPK1IP1L	0.147	0.6776
LINCSCP_250886	NA	23077	MYCBP2	-0.1373	0.68
LINCSCP_250886	NA	4864	NPC1	-0.1382	0.6803
LINCSCP_250886	NA	25966	C2CD2	0.2104	0.6811
LINCSCP_250886	NA	5889	RAD51C	-0.4347	0.6835
LINCSCP_250886	NA	9133	CCNB2	-0.5502	0.687
LINCSCP_250886	NA	4925	NUCB2	-0.1408	0.6879
LINCSCP_250886	NA	1616	DAXX	0.1329	0.6886
LINCSCP_250886	NA	10810	WASF3	0.1584	0.689
LINCSCP_250886	NA	5927	KDM5A	0.2916	0.689
LINCSCP_250886	NA	29978	UBQLN2	0.2014	0.69
LINCSCP_250886	NA	23512	SUZ12	-0.1483	0.6958
LINCSCP_250886	NA	10589	DRAP1	0.2512	0.6968
LINCSCP_250886	NA	93594	TBC1D31	-0.1735	0.6969
LINCSCP_250886	NA	8550	MAPKAPK5	0.1803	0.699
LINCSCP_250886	NA	8996	NOL3	0.146	0.7039
LINCSCP_250886	NA	22823	MTF2	0.2679	0.7052
LINCSCP_250886	NA	94239	H2AFV	-0.1268	0.7056
LINCSCP_250886	NA	57192	MCOLN1	-0.2035	0.7063
LINCSCP_250886	NA	1399	CRKL	-0.1919	0.7063
LINCSCP_250886	NA	10451	VAV3	-0.1516	0.7106
LINCSCP_250886	NA	1633	DCK	-0.2151	0.711
LINCSCP_250886	NA	902	CCNH	-0.1812	0.7133
LINCSCP_250886	NA	10298	PAK4	0.22	0.7143
LINCSCP_250886	NA	9183	ZW10	-0.1603	0.7154
LINCSCP_250886	NA	6194	RPS6	0.1604	0.7166
LINCSCP_250886	NA	2288	FKBP4	-0.1211	0.7205
LINCSCP_250886	NA	10059	DNM1L	0.22	0.722
LINCSCP_250886	NA	80204	FBXO11	0.1352	0.7242
LINCSCP_250886	NA	6304	SATB1	0.1317	0.7278
LINCSCP_250886	NA	6777	STAT5B	0.1207	0.732
LINCSCP_250886	NA	23536	ADAT1	-0.1296	0.7325
LINCSCP_250886	NA	3551	IKBKB	-0.1472	0.7387
LINCSCP_250886	NA	8480	RAE1	0.1689	0.7409
LINCSCP_250886	NA	9686	VGLL4	0.3498	0.745
LINCSCP_250886	NA	10237	SLC35B1	0.1824	0.7478
LINCSCP_250886	NA	200734	SPRED2	-0.121	0.7497
LINCSCP_250886	NA	6676	SPAG4	0.1256	0.7544
LINCSCP_250886	NA	9097	USP14	-0.2417	0.7562
LINCSCP_250886	NA	9670	IPO13	-0.1437	0.7582
LINCSCP_250886	NA	29103	DNAJC15	-0.2335	0.7587
LINCSCP_250886	NA	79170	PRR15L	-0.1434	0.759
LINCSCP_250886	NA	2064	ERBB2	-0.2537	0.7659
LINCSCP_250886	NA	22889	KIAA0907	0.1352	0.7665
LINCSCP_250886	NA	4016	LOXL1	0.1674	0.7668
LINCSCP_250886	NA	5331	PLCB3	-0.1847	0.7674
LINCSCP_250886	NA	26001	RNF167	-0.1167	0.7682
LINCSCP_250886	NA	10046	MAMLD1	-0.1842	0.7701
LINCSCP_250886	NA	4998	ORC1	0.1323	0.7705
LINCSCP_250886	NA	874	CBR3	-0.1225	0.7733
LINCSCP_250886	NA	10146	G3BP1	-0.1282	0.7744
LINCSCP_250886	NA	79006	METRN	0.1363	0.7774
LINCSCP_250886	NA	9181	ARHGEF2	0.1122	0.7784
LINCSCP_250886	NA	25793	FBXO7	0.1182	0.7787
LINCSCP_250886	NA	11230	PRAF2	0.1105	0.7813
LINCSCP_250886	NA	891	CCNB1	-0.1227	0.783
LINCSCP_250886	NA	57048	PLSCR3	0.1196	0.785
LINCSCP_250886	NA	8985	PLOD3	-0.1492	0.7863
LINCSCP_250886	NA	983	CDK1	-0.1242	0.7877
LINCSCP_250886	NA	16	AARS	0.2211	0.7904
LINCSCP_250886	NA	1677	DFFB	-0.1256	0.7933
LINCSCP_250886	NA	5373	PMM2	0.0889	0.7941
LINCSCP_250886	NA	3066	HDAC2	-0.1454	0.7974
LINCSCP_250886	NA	10617	STAMBP	-0.1716	0.8007
LINCSCP_250886	NA	10329	TMEM5	-0.1261	0.8012
LINCSCP_250886	NA	5982	RFC2	-0.0904	0.8016
LINCSCP_250886	NA	9246	UBE2L6	-0.133	0.8016
LINCSCP_250886	NA	5211	PFKL	-0.1103	0.8121
LINCSCP_250886	NA	7852	CXCR4	0.2606	0.814
LINCSCP_250886	NA	22809	ATF5	-0.2005	0.8144
LINCSCP_250886	NA	25976	TIPARP	0.1031	0.8155
LINCSCP_250886	NA	9801	MRPL19	-0.1121	0.8214
LINCSCP_250886	NA	3638	INSIG1	-0.1076	0.824
LINCSCP_250886	NA	23368	PPP1R13B	0.1146	0.8254
LINCSCP_250886	NA	873	CBR1	0.0921	0.8261
LINCSCP_250886	NA	84890	ADO	0.078	0.8267
LINCSCP_250886	NA	5699	PSMB10	0.122	0.8306
LINCSCP_250886	NA	3895	KTN1	-0.0977	0.8325
LINCSCP_250886	NA	11142	PKIG	0.1034	0.8328
LINCSCP_250886	NA	1459	CSNK2A2	-0.1227	0.8343
LINCSCP_250886	NA	22908	SACM1L	0.1664	0.8345
LINCSCP_250886	NA	4860	PNP	0.0746	0.8354
LINCSCP_250886	NA	10051	SMC4	0.0714	0.8371
LINCSCP_250886	NA	6894	TARBP1	0.1631	0.8375
LINCSCP_250886	NA	8607	RUVBL1	0.0963	0.8384
LINCSCP_250886	NA	10131	TRAP1	0.1177	0.8406
LINCSCP_250886	NA	10165	SLC25A13	-0.1002	0.8428
LINCSCP_250886	NA	1001	CDH3	0.237	0.8433
LINCSCP_250886	NA	9275	BCL7B	-0.0878	0.8443
LINCSCP_250886	NA	7466	WFS1	0.0701	0.846
LINCSCP_250886	NA	60528	ELAC2	0.1256	0.8468
LINCSCP_250886	NA	7158	TP53BP1	0.0971	0.8481
LINCSCP_250886	NA	7159	TP53BP2	-0.0989	0.8511
LINCSCP_250886	NA	4651	MYO10	0.0783	0.8514
LINCSCP_250886	NA	5883	RAD9A	-0.1152	0.8531
LINCSCP_250886	NA	9817	KEAP1	0.0938	0.8548
LINCSCP_250886	NA	3482	IGF2R	-0.0775	0.8607
LINCSCP_250886	NA	5154	PDGFA	-0.076	0.8615
LINCSCP_250886	NA	2852	GPER1	-0.0846	0.8634
LINCSCP_250886	NA	55111	PLEKHJ1	0.1657	0.865
LINCSCP_250886	NA	8050	PDHX	0.0904	0.8652
LINCSCP_250886	NA	1153	CIRBP	-0.0942	0.8668
LINCSCP_250886	NA	4638	MYLK	0.0829	0.8698
LINCSCP_250886	NA	8870	IER3	0.0736	0.8723
LINCSCP_250886	NA	4783	NFIL3	-0.0692	0.8757
LINCSCP_250886	NA	26511	CHIC2	-0.115	0.8775
LINCSCP_250886	NA	51170	HSD17B11	0.0558	0.8784
LINCSCP_250886	NA	10969	EBNA1BP2	0.0784	0.8793
LINCSCP_250886	NA	10150	MBNL2	0.0702	0.8798
LINCSCP_250886	NA	5743	PTGS2	0.0572	0.8817
LINCSCP_250886	NA	66008	TRAK2	0.0847	0.8826
LINCSCP_250886	NA	54499	TMCO1	-0.0852	0.883
LINCSCP_250886	NA	1465	CSRP1	0.0678	0.886
LINCSCP_250886	NA	11344	TWF2	0.0776	0.8866
LINCSCP_250886	NA	5716	PSMD10	0.0649	0.8883
LINCSCP_250886	NA	51026	GOLT1B	-0.0665	0.8884
LINCSCP_250886	NA	10013	HDAC6	0.0775	0.8891
LINCSCP_250886	NA	2673	GFPT1	0.0463	0.8893
LINCSCP_250886	NA	10276	NET1	0.0773	0.8915
LINCSCP_250886	NA	8574	AKR7A2	0.0622	0.892
LINCSCP_250886	NA	30001	ERO1L	0.0536	0.8932
LINCSCP_250886	NA	3775	KCNK1	0.0715	0.8936
LINCSCP_250886	NA	10450	PPIE	0.0848	0.895
LINCSCP_250886	NA	6251	RSU1	0.0528	0.8956
LINCSCP_250886	NA	5836	PYGL	0.046	0.8978
LINCSCP_250886	NA	1534	CYB561	-0.0524	0.9036
LINCSCP_250886	NA	55847	CISD1	0.082	0.9063
LINCSCP_250886	NA	25874	MPC2	0.0555	0.9063
LINCSCP_250886	NA	11200	CHEK2	0.0697	0.9071
LINCSCP_250886	NA	10668	CGRRF1	0.0523	0.9087
LINCSCP_250886	NA	10892	MALT1	-0.0449	0.9124
LINCSCP_250886	NA	23011	RAB21	0.0633	0.9147
LINCSCP_250886	NA	637	BID	0.0421	0.9175
LINCSCP_250886	NA	23386	NUDCD3	0.0518	0.9221
LINCSCP_250886	NA	5900	RALGDS	0.0373	0.9227
LINCSCP_250886	NA	9761	MLEC	0.0567	0.9268
LINCSCP_250886	NA	10513	APPBP2	-0.0357	0.928
LINCSCP_250886	NA	6499	SKIV2L	0.0385	0.9284
LINCSCP_250886	NA	51071	DERA	0.0356	0.9288
LINCSCP_250886	NA	10180	RBM6	0.0322	0.9363
LINCSCP_250886	NA	79071	ELOVL6	0.0347	0.9373
LINCSCP_250886	NA	2063	NR2F6	0.0367	0.9379
LINCSCP_250886	NA	10245	TIMM17B	0.0519	0.9425
LINCSCP_250886	NA	5641	LGMN	-0.0293	0.9447
LINCSCP_250886	NA	9212	AURKB	-0.022	0.9493
LINCSCP_250886	NA	1958	EGR1	-0.0464	0.9516
LINCSCP_250886	NA	8878	SQSTM1	0.0269	0.9534
LINCSCP_250886	NA	23522	KAT6B	0.0239	0.9551
LINCSCP_250886	NA	1666	DECR1	0.0284	0.9575
LINCSCP_250886	NA	8821	INPP4B	-0.0316	0.9588
LINCSCP_250886	NA	51335	NGRN	-0.0266	0.9594
LINCSCP_250886	NA	200081	TXLNA	0.0272	0.9607
LINCSCP_250886	NA	5603	MAPK13	0.0249	0.9616
LINCSCP_250886	NA	63933	MCUR1	-0.0275	0.9616
LINCSCP_250886	NA	595	CCND1	0.0261	0.9618
LINCSCP_250886	NA	54957	TXNL4B	0.0261	0.966
LINCSCP_250886	NA	2222	FDFT1	0.0171	0.9663
LINCSCP_250886	NA	22934	RPIA	-0.0187	0.9676
LINCSCP_250886	NA	27336	HTATSF1	0.0191	0.9676
LINCSCP_250886	NA	7264	TSTA3	-0.0221	0.971
LINCSCP_250886	NA	79961	DENND2D	0.013	0.9725
LINCSCP_250886	NA	695	BTK	0.0176	0.974
LINCSCP_250886	NA	51031	GLOD4	0.0124	0.9756
LINCSCP_250886	NA	6342	SCP2	-0.017	0.976
LINCSCP_250886	NA	22883	CLSTN1	-0.0154	0.9776
LINCSCP_250886	NA	27109	ATP5S	0.0123	0.9786
LINCSCP_250886	NA	25987	TSKU	0.0124	0.9808
LINCSCP_250886	NA	51293	CD320	-0.0078	0.9819
LINCSCP_250886	NA	7849	PAX8	0.0117	0.9854
LINCSCP_250886	NA	23210	JMJD6	-0.0073	0.9861
LINCSCP_250886	NA	23597	ACOT9	0.0072	0.9878
LINCSCP_250886	NA	9533	POLR1C	-0.0086	0.9888
LINCSCP_250886	NA	7511	XPNPEP1	0.0067	0.9891
LINCSCP_250886	NA	4609	MYC	-0.0059	0.9907
LINCSCP_250886	NA	89910	UBE3B	-0.0073	0.9908
LINCSCP_250886	NA	4793	NFKBIB	-0.0059	0.9912
LINCSCP_250886	NA	5909	RAP1GAP	0.0046	0.9913
LINCSCP_250886	NA	29083	GTPBP8	0.0053	0.9923
LINCSCP_250886	NA	226	ALDOA	0.0025	0.9946
LINCSCP_250886	NA	2309	FOXO3	-6e-4	0.9988
LINCSCP_250886	NA	2597	GAPDH	-3e-4	0.9994
