signatureID	PROBE	ID_geneid	Name_GeneSymbol	Value_LogDiffExp	Significance_pvalue
LINCSCP_88188	NA	2222	FDFT1	2.4737	1e-4
LINCSCP_88188	NA	3157	HMGCS1	2.3082	2e-4
LINCSCP_88188	NA	3156	HMGCR	2.4995	2e-4
LINCSCP_88188	NA	79071	ELOVL6	2.175	2e-4
LINCSCP_88188	NA	10682	EBP	2.1836	4e-4
LINCSCP_88188	NA	39	ACAT2	1.8578	4e-4
LINCSCP_88188	NA	7358	UGDH	-1.7677	6e-4
LINCSCP_88188	NA	27346	TMEM97	1.6332	0.0011
LINCSCP_88188	NA	5106	PCK2	1.7355	0.0012
LINCSCP_88188	NA	3638	INSIG1	1.3046	0.0019
LINCSCP_88188	NA	26227	PHGDH	1.1886	0.0023
LINCSCP_88188	NA	8878	SQSTM1	1.463	0.0023
LINCSCP_88188	NA	9183	ZW10	-1.7028	0.0023
LINCSCP_88188	NA	25976	TIPARP	-1.6877	0.0029
LINCSCP_88188	NA	3162	HMOX1	1.0416	0.0039
LINCSCP_88188	NA	5019	OXCT1	1.0684	0.0047
LINCSCP_88188	NA	10797	MTHFD2	0.971	0.0058
LINCSCP_88188	NA	22809	ATF5	0.9654	0.0066
LINCSCP_88188	NA	10221	TRIB1	-0.9589	0.0082
LINCSCP_88188	NA	50814	NSDHL	1.5495	0.0107
LINCSCP_88188	NA	7157	TP53	0.9523	0.0107
LINCSCP_88188	NA	7099	TLR4	0.9696	0.0109
LINCSCP_88188	NA	10180	RBM6	-0.8283	0.0111
LINCSCP_88188	NA	23536	ADAT1	-0.8609	0.0113
LINCSCP_88188	NA	1978	EIF4EBP1	0.8934	0.0115
LINCSCP_88188	NA	3280	HES1	-0.907	0.0117
LINCSCP_88188	NA	4780	NFE2L2	-1.1522	0.012
LINCSCP_88188	NA	10494	STK25	-0.766	0.0121
LINCSCP_88188	NA	81533	ITFG1	-1.2052	0.0126
LINCSCP_88188	NA	6697	SPR	-0.8823	0.0129
LINCSCP_88188	NA	3988	LIPA	1.0334	0.0129
LINCSCP_88188	NA	1605	DAG1	0.9061	0.0135
LINCSCP_88188	NA	2886	GRB7	-0.732	0.0137
LINCSCP_88188	NA	2037	EPB41L2	-0.7996	0.0144
LINCSCP_88188	NA	2769	GNA15	-0.7214	0.0148
LINCSCP_88188	NA	27336	HTATSF1	-0.8324	0.0152
LINCSCP_88188	NA	22908	SACM1L	-0.8001	0.0152
LINCSCP_88188	NA	10273	STUB1	0.7046	0.0153
LINCSCP_88188	NA	2288	FKBP4	-1.0044	0.0154
LINCSCP_88188	NA	23499	MACF1	0.7154	0.0167
LINCSCP_88188	NA	16	AARS	0.8857	0.0169
LINCSCP_88188	NA	79902	NUP85	-0.7512	0.0172
LINCSCP_88188	NA	23013	SPEN	-0.8128	0.0173
LINCSCP_88188	NA	9801	MRPL19	-1.1538	0.0174
LINCSCP_88188	NA	2353	FOS	-0.908	0.0175
LINCSCP_88188	NA	11073	TOPBP1	-0.7975	0.0181
LINCSCP_88188	NA	1022	CDK7	-0.8115	0.0182
LINCSCP_88188	NA	24149	ZNF318	-0.8984	0.0183
LINCSCP_88188	NA	7016	TESK1	-0.7207	0.0187
LINCSCP_88188	NA	29911	HOOK2	-0.9216	0.0191
LINCSCP_88188	NA	6657	SOX2	-0.6742	0.0199
LINCSCP_88188	NA	51031	GLOD4	-0.7921	0.0205
LINCSCP_88188	NA	23029	RBM34	-0.8779	0.0207
LINCSCP_88188	NA	10059	DNM1L	-0.6961	0.021
LINCSCP_88188	NA	11182	SLC2A6	0.7908	0.0212
LINCSCP_88188	NA	3308	HSPA4	-0.8359	0.0218
LINCSCP_88188	NA	5743	PTGS2	-1.2723	0.0219
LINCSCP_88188	NA	11044	PAPD7	-0.9543	0.022
LINCSCP_88188	NA	843	CASP10	-0.8384	0.0221
LINCSCP_88188	NA	2887	GRB10	1.4117	0.0225
LINCSCP_88188	NA	5058	PAK1	-0.6858	0.0226
LINCSCP_88188	NA	8835	SOCS2	-0.708	0.0232
LINCSCP_88188	NA	9670	IPO13	-0.8733	0.0233
LINCSCP_88188	NA	3693	ITGB5	0.6766	0.0241
LINCSCP_88188	NA	8678	BECN1	-0.6764	0.0246
LINCSCP_88188	NA	23321	TRIM2	-0.7101	0.0254
LINCSCP_88188	NA	1019	CDK4	0.7102	0.0259
LINCSCP_88188	NA	25966	C2CD2	-0.6102	0.0262
LINCSCP_88188	NA	6509	SLC1A4	0.7608	0.0274
LINCSCP_88188	NA	93594	TBC1D31	-0.8479	0.0276
LINCSCP_88188	NA	8550	MAPKAPK5	-0.6445	0.0278
LINCSCP_88188	NA	5891	MOK	-0.739	0.0286
LINCSCP_88188	NA	3066	HDAC2	0.956	0.029
LINCSCP_88188	NA	1026	CDKN1A	0.6431	0.0292
LINCSCP_88188	NA	5373	PMM2	-0.7924	0.0293
LINCSCP_88188	NA	902	CCNH	-0.8368	0.0294
LINCSCP_88188	NA	10007	GNPDA1	0.8348	0.0295
LINCSCP_88188	NA	8851	CDK5R1	-0.7466	0.0295
LINCSCP_88188	NA	5927	KDM5A	-0.6279	0.0297
LINCSCP_88188	NA	5715	PSMD9	-0.8778	0.0297
LINCSCP_88188	NA	701	BUB1B	-0.8177	0.0299
LINCSCP_88188	NA	124583	CANT1	-0.7107	0.0303
LINCSCP_88188	NA	5525	PPP2R5A	-1.1076	0.0304
LINCSCP_88188	NA	56940	DUSP22	1.1604	0.0311
LINCSCP_88188	NA	11031	RAB31	-0.7678	0.0313
LINCSCP_88188	NA	54386	TERF2IP	-0.659	0.0316
LINCSCP_88188	NA	6117	RPA1	-0.5808	0.0321
LINCSCP_88188	NA	4998	ORC1	-0.6558	0.0325
LINCSCP_88188	NA	29978	UBQLN2	-0.7579	0.0328
LINCSCP_88188	NA	6988	TCTA	-0.5978	0.0332
LINCSCP_88188	NA	3508	IGHMBP2	-0.5876	0.0336
LINCSCP_88188	NA	9212	AURKB	0.7816	0.0343
LINCSCP_88188	NA	10732	TCFL5	-0.5768	0.0368
LINCSCP_88188	NA	4605	MYBL2	0.5773	0.0392
LINCSCP_88188	NA	56654	NPDC1	-0.899	0.0396
LINCSCP_88188	NA	30849	PIK3R4	0.7424	0.0398
LINCSCP_88188	NA	7168	TPM1	0.7134	0.04
LINCSCP_88188	NA	664	BNIP3	-0.5561	0.0405
LINCSCP_88188	NA	10450	PPIE	-0.5972	0.0409
LINCSCP_88188	NA	10776	ARPP19	-0.5257	0.0421
LINCSCP_88188	NA	10493	VAT1	0.6338	0.0426
LINCSCP_88188	NA	5782	PTPN12	0.5786	0.0426
LINCSCP_88188	NA	54499	TMCO1	-0.666	0.0426
LINCSCP_88188	NA	1831	TSC22D3	0.6831	0.0436
LINCSCP_88188	NA	5696	PSMB8	0.5817	0.0438
LINCSCP_88188	NA	4817	NIT1	-0.6174	0.0439
LINCSCP_88188	NA	23131	GPATCH8	0.594	0.0441
LINCSCP_88188	NA	5867	RAB4A	1.0407	0.0441
LINCSCP_88188	NA	23335	WDR7	-0.6725	0.0445
LINCSCP_88188	NA	47	ACLY	0.5652	0.0449
LINCSCP_88188	NA	9709	HERPUD1	0.5466	0.0452
LINCSCP_88188	NA	79080	CCDC86	-0.6098	0.0457
LINCSCP_88188	NA	1958	EGR1	-0.756	0.0458
LINCSCP_88188	NA	55958	KLHL9	1.0817	0.0458
LINCSCP_88188	NA	7982	ST7	0.5457	0.0472
LINCSCP_88188	NA	23271	CAMSAP2	-0.7608	0.0475
LINCSCP_88188	NA	8508	NIPSNAP1	0.5389	0.0492
LINCSCP_88188	NA	57192	MCOLN1	0.5806	0.0492
LINCSCP_88188	NA	1829	DSG2	-0.6936	0.0492
LINCSCP_88188	NA	3108	HLA-DMA	0.6927	0.0508
LINCSCP_88188	NA	1454	CSNK1E	0.5526	0.0508
LINCSCP_88188	NA	6616	SNAP25	-0.8296	0.051
LINCSCP_88188	NA	1399	CRKL	-0.8846	0.051
LINCSCP_88188	NA	5366	PMAIP1	0.698	0.0518
LINCSCP_88188	NA	2058	EPRS	0.6506	0.0532
LINCSCP_88188	NA	8826	IQGAP1	-0.6273	0.0533
LINCSCP_88188	NA	4925	NUCB2	-0.5111	0.053900000000000003
LINCSCP_88188	NA	2624	GATA2	-1.35	0.0541
LINCSCP_88188	NA	23443	SLC35A3	-0.9172	0.0544
LINCSCP_88188	NA	5359	PLSCR1	1.5499	0.0553
LINCSCP_88188	NA	9868	TOMM70A	-0.9376	0.0561
LINCSCP_88188	NA	26036	ZNF451	-0.67	0.0562
LINCSCP_88188	NA	9851	KIAA0753	-0.49370000000000003	0.0567
LINCSCP_88188	NA	10398	MYL9	0.4641	0.0571
LINCSCP_88188	NA	3329	HSPD1	-0.4635	0.0575
LINCSCP_88188	NA	7319	UBE2A	-0.68	0.0576
LINCSCP_88188	NA	5883	RAD9A	0.9241	0.0586
LINCSCP_88188	NA	6182	MRPL12	0.7024	0.0586
LINCSCP_88188	NA	8974	P4HA2	-0.5186	0.0592
LINCSCP_88188	NA	54957	TXNL4B	-0.5195	0.0594
LINCSCP_88188	NA	5290	PIK3CA	-0.7317	0.0597
LINCSCP_88188	NA	7296	TXNRD1	0.4945	0.0609
LINCSCP_88188	NA	6195	RPS6KA1	0.61240000000000006	0.061
LINCSCP_88188	NA	11344	TWF2	0.5872	0.0612
LINCSCP_88188	NA	9915	ARNT2	-0.5522	0.0613
LINCSCP_88188	NA	3303	HSPA1A	-0.7591	0.0615
LINCSCP_88188	NA	51385	ZNF589	-0.7037	0.064
LINCSCP_88188	NA	5985	RFC5	-0.4843	0.0642
LINCSCP_88188	NA	4864	NPC1	0.6229	0.0643
LINCSCP_88188	NA	8573	CASK	-0.5217	0.0646
LINCSCP_88188	NA	5287	PIK3C2B	0.9498	0.0648
LINCSCP_88188	NA	10610	ST6GALNAC2	-1.129	0.0649
LINCSCP_88188	NA	2109	ETFB	-0.9014	0.065
LINCSCP_88188	NA	7994	KAT6A	-0.7187	0.0658
LINCSCP_88188	NA	10051	SMC4	0.5251	0.0665
LINCSCP_88188	NA	4088	SMAD3	-0.5602	0.0675
LINCSCP_88188	NA	10057	ABCC5	-0.9124	0.0676
LINCSCP_88188	NA	9112	MTA1	0.7472	0.068
LINCSCP_88188	NA	10892	MALT1	0.5331	0.068
LINCSCP_88188	NA	10857	PGRMC1	-0.4525	0.0686
LINCSCP_88188	NA	55011	PIH1D1	-0.6627	0.0686
LINCSCP_88188	NA	79947	DHDDS	-0.6048	0.0719
LINCSCP_88188	NA	23161	SNX13	-0.4695	0.0726
LINCSCP_88188	NA	55033	FKBP14	-0.8625	0.0726
LINCSCP_88188	NA	23386	NUDCD3	0.761	0.0731
LINCSCP_88188	NA	3925	STMN1	0.423	0.0733
LINCSCP_88188	NA	51375	SNX7	0.623	0.0738
LINCSCP_88188	NA	6714	SRC	0.4621	0.0744
LINCSCP_88188	NA	1459	CSNK2A2	-0.4545	0.0749
LINCSCP_88188	NA	11200	CHEK2	0.8797	0.075
LINCSCP_88188	NA	896	CCND3	-0.6253	0.075
LINCSCP_88188	NA	50865	HEBP1	-0.7318	0.0755
LINCSCP_88188	NA	6839	SUV39H1	-0.4429	0.0756
LINCSCP_88188	NA	1647	GADD45A	-0.5021	0.0765
LINCSCP_88188	NA	2810	SFN	0.5586	0.0772
LINCSCP_88188	NA	9637	FEZ2	-0.4182	0.0791
LINCSCP_88188	NA	4016	LOXL1	0.6085	0.0799
LINCSCP_88188	NA	28969	BZW2	-0.7342	0.0809
LINCSCP_88188	NA	3628	INPP1	0.4186	0.0811
LINCSCP_88188	NA	23149	FCHO1	-0.4575	0.0812
LINCSCP_88188	NA	10644	IGF2BP2	0.4528	0.0825
LINCSCP_88188	NA	6894	TARBP1	-0.6219	0.0828
LINCSCP_88188	NA	4638	MYLK	0.6949	0.0829
LINCSCP_88188	NA	55008	HERC6	1.1618	0.0833
LINCSCP_88188	NA	29082	CHMP4A	-0.8028	0.0836
LINCSCP_88188	NA	9703	KIAA0100	0.6091	0.084
LINCSCP_88188	NA	10489	LRRC41	-0.4604	0.0855
LINCSCP_88188	NA	10270	AKAP8	-0.6118	0.0861
LINCSCP_88188	NA	54850	FBXL12	0.9964	0.0861
LINCSCP_88188	NA	51056	LAP3	0.9684	0.0864
LINCSCP_88188	NA	51382	ATP6V1D	-0.4812	0.0874
LINCSCP_88188	NA	891	CCNB1	-0.498	0.0885
LINCSCP_88188	NA	958	CD40	-0.4074	0.0892
LINCSCP_88188	NA	355	FAS	-0.963	0.0899
LINCSCP_88188	NA	5211	PFKL	0.554	0.0901
LINCSCP_88188	NA	2771	GNAI2	0.4315	0.0911
LINCSCP_88188	NA	5529	PPP2R5E	-0.5096	0.0911
LINCSCP_88188	NA	11000	SLC27A3	-0.5138	0.0922
LINCSCP_88188	NA	51170	HSD17B11	-0.8036	0.0932
LINCSCP_88188	NA	4850	CNOT4	-0.4882	0.0934
LINCSCP_88188	NA	64428	NARFL	-0.5195	0.0936
LINCSCP_88188	NA	890	CCNA2	0.4121	0.0948
LINCSCP_88188	NA	1643	DDB2	-0.4177	0.0951
LINCSCP_88188	NA	10245	TIMM17B	-0.437	0.0951
LINCSCP_88188	NA	53343	NUDT9	-0.4281	0.0962
LINCSCP_88188	NA	10915	TCERG1	-0.9076	0.0974
LINCSCP_88188	NA	22887	FOXJ3	0.4318	0.0986
LINCSCP_88188	NA	622	BDH1	0.3996	0.0988
LINCSCP_88188	NA	79850	FAM57A	-0.4443	0.0989
LINCSCP_88188	NA	7105	TSPAN6	-0.5078	0.0993
LINCSCP_88188	NA	4312	MMP1	-0.6273	0.0993
LINCSCP_88188	NA	51335	NGRN	0.4302	0.0994
LINCSCP_88188	NA	10190	TXNDC9	-4.3451	0.1
LINCSCP_88188	NA	9641	IKBKE	4.8657	0.1
LINCSCP_88188	NA	23378	RRP8	-0.4519	0.1007
LINCSCP_88188	NA	1616	DAXX	0.4176	0.1012
LINCSCP_88188	NA	8569	MKNK1	-0.4347	0.1026
LINCSCP_88188	NA	55556	ENOSF1	-0.6964	0.1039
LINCSCP_88188	NA	9761	MLEC	0.486	0.1046
LINCSCP_88188	NA	211	ALAS1	-0.3782	0.1047
LINCSCP_88188	NA	10174	SORBS3	0.4573	0.1053
LINCSCP_88188	NA	2263	FGFR2	-0.5933	0.1064
LINCSCP_88188	NA	831	CAST	-4.4801	0.1081
LINCSCP_88188	NA	5257	PHKB	0.4161	0.1087
LINCSCP_88188	NA	11007	CCDC85B	-0.5448	0.1095
LINCSCP_88188	NA	79643	CHMP6	0.6571	0.1096
LINCSCP_88188	NA	1277	COL1A1	0.5157	0.1097
LINCSCP_88188	NA	8440	NCK2	-0.4311	0.1112
LINCSCP_88188	NA	4690	NCK1	-0.4333	0.1114
LINCSCP_88188	NA	7852	CXCR4	-0.9416	0.112
LINCSCP_88188	NA	11072	DUSP14	0.3583	0.1128
LINCSCP_88188	NA	388650	FAM69A	-0.4049	0.1135
LINCSCP_88188	NA	7015	TERT	-0.498	0.1137
LINCSCP_88188	NA	9650	MTFR1	-0.5399	0.1142
LINCSCP_88188	NA	10617	STAMBP	1.3974	0.1145
LINCSCP_88188	NA	481	ATP1B1	-0.4417	0.1147
LINCSCP_88188	NA	9143	SYNGR3	0.5778	0.1148
LINCSCP_88188	NA	8520	HAT1	0.5289	0.1157
LINCSCP_88188	NA	1738	DLD	-0.4271	0.1163
LINCSCP_88188	NA	51053	GMNN	-0.4454	0.1167
LINCSCP_88188	NA	11284	PNKP	-0.4094	0.1168
LINCSCP_88188	NA	1509	CTSD	0.3764	0.117
LINCSCP_88188	NA	8870	IER3	-0.3892	0.1181
LINCSCP_88188	NA	26064	RAI14	0.3892	0.1185
LINCSCP_88188	NA	7849	PAX8	0.8852	0.1202
LINCSCP_88188	NA	3398	ID2	0.5485	0.1204
LINCSCP_88188	NA	54541	DDIT4	0.3706	0.1211
LINCSCP_88188	NA	6774	STAT3	0.5587	0.1223
LINCSCP_88188	NA	6050	RNH1	-4.6336	0.1245
LINCSCP_88188	NA	4783	NFIL3	-0.345	0.1247
LINCSCP_88188	NA	8324	FZD7	-0.3885	0.1253
LINCSCP_88188	NA	10046	MAMLD1	-0.3841	0.1259
LINCSCP_88188	NA	5321	PLA2G4A	-0.4802	0.126
LINCSCP_88188	NA	4313	MMP2	0.3459	0.1261
LINCSCP_88188	NA	2185	PTK2B	-0.4289	0.1267
LINCSCP_88188	NA	1398	CRK	-0.4451	0.1282
LINCSCP_88188	NA	7159	TP53BP2	0.6471	0.1299
LINCSCP_88188	NA	22926	ATF6	0.4653	0.13
LINCSCP_88188	NA	5747	PTK2	0.3642	0.1301
LINCSCP_88188	NA	200734	SPRED2	-0.3406	0.1303
LINCSCP_88188	NA	51116	MRPS2	-0.6424	0.1305
LINCSCP_88188	NA	51742	ARID4B	-0.6731	0.1317
LINCSCP_88188	NA	2523	FUT1	-0.4438	0.1318
LINCSCP_88188	NA	5601	MAPK9	-0.5475	0.1319
LINCSCP_88188	NA	54681	P4HTM	0.4444	0.132
LINCSCP_88188	NA	5993	RFX5	0.4379	0.132
LINCSCP_88188	NA	348	APOE	-0.5233	0.1323
LINCSCP_88188	NA	29937	NENF	-0.3935	0.1328
LINCSCP_88188	NA	30836	DNTTIP2	-0.4997	0.1329
LINCSCP_88188	NA	55818	KDM3A	-4.2449	0.1343
LINCSCP_88188	NA	9797	TATDN2	0.4262	0.1353
LINCSCP_88188	NA	3964	LGALS8	-0.6144	0.1373
LINCSCP_88188	NA	64746	ACBD3	-0.4652	0.1373
LINCSCP_88188	NA	80347	COASY	0.3462	0.1383
LINCSCP_88188	NA	1994	ELAVL1	0.4674	0.1384
LINCSCP_88188	NA	5654	HTRA1	0.4703	0.1386
LINCSCP_88188	NA	4846	NOS3	0.4196	0.1407
LINCSCP_88188	NA	79600	TCTN1	-0.3655	0.1411
LINCSCP_88188	NA	2146	EZH2	-0.5086	0.1412
LINCSCP_88188	NA	5831	PYCR1	0.3638	0.1413
LINCSCP_88188	NA	64429	ZDHHC6	0.4025	0.1413
LINCSCP_88188	NA	30	ACAA1	2.2793	0.1415
LINCSCP_88188	NA	9805	SCRN1	0.5751	0.1415
LINCSCP_88188	NA	2542	SLC37A4	2.5208	0.1445
LINCSCP_88188	NA	55748	CNDP2	0.785	0.145
LINCSCP_88188	NA	8061	FOSL1	0.362	0.1455
LINCSCP_88188	NA	79961	DENND2D	-0.4485	0.1456
LINCSCP_88188	NA	7077	TIMP2	0.6163	0.1457
LINCSCP_88188	NA	5096	PCCB	-0.9129	0.1458
LINCSCP_88188	NA	1062	CENPE	-0.551	0.146
LINCSCP_88188	NA	5048	PAFAH1B1	-0.3973	0.1464
LINCSCP_88188	NA	57178	ZMIZ1	0.3437	0.147
LINCSCP_88188	NA	79094	CHAC1	0.4616	0.1473
LINCSCP_88188	NA	8312	AXIN1	-0.4948	0.1478
LINCSCP_88188	NA	23325	KIAA1033	0.4812	0.1483
LINCSCP_88188	NA	10131	TRAP1	-0.69	0.1491
LINCSCP_88188	NA	6119	RPA3	0.6378	0.1501
LINCSCP_88188	NA	55825	PECR	4.418	0.1502
LINCSCP_88188	NA	3815	KIT	-0.7809	0.151
LINCSCP_88188	NA	5236	PGM1	-0.3209	0.152
LINCSCP_88188	NA	6850	SYK	-0.4371	0.1524
LINCSCP_88188	NA	836	CASP3	-0.3106	0.153
LINCSCP_88188	NA	998	CDC42	-1.1097	0.1535
LINCSCP_88188	NA	9813	EFCAB14	-0.42	0.1543
LINCSCP_88188	NA	10013	HDAC6	0.8245	0.1549
LINCSCP_88188	NA	178	AGL	-0.4613	0.1551
LINCSCP_88188	NA	847	CAT	0.4072	0.1558
LINCSCP_88188	NA	6812	STXBP1	0.4727	0.156
LINCSCP_88188	NA	22796	COG2	-0.5733	0.1561
LINCSCP_88188	NA	581	BAX	0.6606	0.1569
LINCSCP_88188	NA	4067	LYN	-0.3655	0.158
LINCSCP_88188	NA	23039	XPO7	-0.3264	0.1586
LINCSCP_88188	NA	8446	DUSP11	-0.7818	0.1592
LINCSCP_88188	NA	8050	PDHX	0.3987	0.1605
LINCSCP_88188	NA	79006	METRN	-0.4533	0.1613
LINCSCP_88188	NA	993	CDC25A	-0.3678	0.1617
LINCSCP_88188	NA	25793	FBXO7	0.5716	0.1629
LINCSCP_88188	NA	8900	CCNA1	3.8749	0.1632
LINCSCP_88188	NA	6390	SDHB	-0.3116	0.1638
LINCSCP_88188	NA	51466	EVL	-0.5485	0.1642
LINCSCP_88188	NA	84617	TUBB6	-0.3625	0.1642
LINCSCP_88188	NA	4931	NVL	-0.341	0.1645
LINCSCP_88188	NA	7106	TSPAN4	0.3607	0.1645
LINCSCP_88188	NA	25874	MPC2	0.3177	0.1658
LINCSCP_88188	NA	10146	G3BP1	0.3389	0.1666
LINCSCP_88188	NA	148022	TICAM1	0.615	0.1673
LINCSCP_88188	NA	23210	JMJD6	-0.7723	0.1675
LINCSCP_88188	NA	3930	LBR	0.3264	0.1677
LINCSCP_88188	NA	1635	DCTD	-0.4592	0.1679
LINCSCP_88188	NA	55893	ZNF395	-0.5094	0.17
LINCSCP_88188	NA	1845	DUSP3	0.5437	0.1725
LINCSCP_88188	NA	1052	CEBPD	-0.3492	0.1735
LINCSCP_88188	NA	9961	MVP	0.5756	0.1738
LINCSCP_88188	NA	9093	DNAJA3	-0.4001	0.1756
LINCSCP_88188	NA	1861	TOR1A	-4.2185	0.1768
LINCSCP_88188	NA	7264	TSTA3	-0.2968	0.1775
LINCSCP_88188	NA	23588	KLHDC2	-0.3443	0.1775
LINCSCP_88188	NA	10641	NPRL2	2.8728	0.1781
LINCSCP_88188	NA	5355	PLP2	-0.5595	0.1788
LINCSCP_88188	NA	23530	NNT	-0.8173	0.179
LINCSCP_88188	NA	89910	UBE3B	1.0069	0.1809
LINCSCP_88188	NA	9170	LPAR2	-0.3777	0.181
LINCSCP_88188	NA	51001	MTERF3	-1.1246	0.181
LINCSCP_88188	NA	27032	ATP2C1	0.3774	0.1814
LINCSCP_88188	NA	9519	TBPL1	-0.4249	0.1815
LINCSCP_88188	NA	9842	PLEKHM1	-0.3702	0.182
LINCSCP_88188	NA	1846	DUSP4	-0.4109	0.1832
LINCSCP_88188	NA	5796	PTPRK	-0.3265	0.1835
LINCSCP_88188	NA	6253	RTN2	-0.4537	0.1839
LINCSCP_88188	NA	3337	DNAJB1	-0.3255	0.185
LINCSCP_88188	NA	128	ADH5	0.3933	0.1853
LINCSCP_88188	NA	207	AKT1	0.9972	0.1853
LINCSCP_88188	NA	10298	PAK4	0.3873	0.1862
LINCSCP_88188	NA	4232	MEST	-0.2972	0.1863
LINCSCP_88188	NA	23	ABCF1	-0.3059	0.1863
LINCSCP_88188	NA	1445	CSK	-0.3386	0.1869
LINCSCP_88188	NA	8349	HIST2H2BE	-0.4251	0.187
LINCSCP_88188	NA	868	CBLB	-0.2877	0.1879
LINCSCP_88188	NA	9134	CCNE2	-0.3299	0.19
LINCSCP_88188	NA	3725	JUN	0.7656	0.19
LINCSCP_88188	NA	56889	TM9SF3	-0.4133	0.1912
LINCSCP_88188	NA	23200	ATP11B	-0.5415	0.1917
LINCSCP_88188	NA	727	C5	-0.28	0.1921
LINCSCP_88188	NA	8869	ST3GAL5	3.8168	0.1923
LINCSCP_88188	NA	11157	LSM6	0.2816	0.1925
LINCSCP_88188	NA	9455	HOMER2	0.8168	0.1931
LINCSCP_88188	NA	1021	CDK6	-0.3217	0.1939
LINCSCP_88188	NA	8270	LAGE3	0.6668	0.1945
LINCSCP_88188	NA	51005	AMDHD2	-0.5456	0.1946
LINCSCP_88188	NA	2195	FAT1	-0.3713	0.1946
LINCSCP_88188	NA	9817	KEAP1	0.3348	0.1962
LINCSCP_88188	NA	55746	NUP133	-0.3575	0.1968
LINCSCP_88188	NA	1500	CTNND1	-0.304	0.197
LINCSCP_88188	NA	5467	PPARD	-0.3672	0.1974
LINCSCP_88188	NA	58478	ENOPH1	-0.3267	0.1975
LINCSCP_88188	NA	8321	FZD1	-0.3204	0.1986
LINCSCP_88188	NA	4331	MNAT1	2.4948	0.1986
LINCSCP_88188	NA	652	BMP4	-0.3291	0.1988
LINCSCP_88188	NA	2690	GHR	-0.5389	0.1989
LINCSCP_88188	NA	351	APP	-0.3554	0.1989
LINCSCP_88188	NA	23014	FBXO21	-0.2831	0.1999
LINCSCP_88188	NA	2264	FGFR4	0.3456	0.202
LINCSCP_88188	NA	4144	MAT2A	0.3017	0.2031
LINCSCP_88188	NA	55038	CDCA4	0.2735	0.2035
LINCSCP_88188	NA	26520	TIMM9	-0.3297	0.2054
LINCSCP_88188	NA	81544	GDPD5	-0.3088	0.2073
LINCSCP_88188	NA	226	ALDOA	0.3372	0.2074
LINCSCP_88188	NA	23368	PPP1R13B	-0.294	0.2084
LINCSCP_88188	NA	56997	ADCK3	0.5166	0.2093
LINCSCP_88188	NA	10730	YME1L1	0.3203	0.2095
LINCSCP_88188	NA	8243	SMC1A	0.7714	0.2109
LINCSCP_88188	NA	230	ALDOC	0.4673	0.2115
LINCSCP_88188	NA	23338	JADE2	0.395	0.212
LINCSCP_88188	NA	5547	PRCP	-0.4671	0.2139
LINCSCP_88188	NA	10681	GNB5	0.2807	0.2148
LINCSCP_88188	NA	23512	SUZ12	0.584	0.2161
LINCSCP_88188	NA	4794	NFKBIE	-0.3091	0.2164
LINCSCP_88188	NA	8726	EED	-0.5825	0.2174
LINCSCP_88188	NA	23038	WDTC1	0.2943	0.218
LINCSCP_88188	NA	57147	SCYL3	0.449	0.2192
LINCSCP_88188	NA	7027	TFDP1	0.3152	0.2217
LINCSCP_88188	NA	329	BIRC2	-0.7979	0.2218
LINCSCP_88188	NA	572	BAD	0.556	0.2234
LINCSCP_88188	NA	25803	SPDEF	-0.2632	0.2242
LINCSCP_88188	NA	2063	NR2F6	0.9184	0.2245
LINCSCP_88188	NA	5971	RELB	-0.2854	0.226
LINCSCP_88188	NA	8396	PIP4K2B	0.4726	0.2266
LINCSCP_88188	NA	5347	PLK1	0.9599	0.2269
LINCSCP_88188	NA	1153	CIRBP	0.3018	0.2281
LINCSCP_88188	NA	6009	RHEB	-0.3364	0.2281
LINCSCP_88188	NA	51599	LSR	-0.5082	0.2289
LINCSCP_88188	NA	9653	HS2ST1	-0.4143	0.2292
LINCSCP_88188	NA	54512	EXOSC4	0.4017	0.2292
LINCSCP_88188	NA	55793	FAM63A	-0.251	0.2299
LINCSCP_88188	NA	9903	KLHL21	3.2044	0.2303
LINCSCP_88188	NA	2534	FYN	0.2982	0.2306
LINCSCP_88188	NA	5788	PTPRC	-0.3248	0.2318
LINCSCP_88188	NA	57048	PLSCR3	-0.4909	0.2333
LINCSCP_88188	NA	9686	VGLL4	0.3608	0.2335
LINCSCP_88188	NA	58497	PRUNE	0.5983	0.2338
LINCSCP_88188	NA	595	CCND1	0.3091	0.2349
LINCSCP_88188	NA	54733	SLC35F2	-0.2956	0.2352
LINCSCP_88188	NA	5583	PRKCH	3.5399	0.2372
LINCSCP_88188	NA	2064	ERBB2	0.364	0.2383
LINCSCP_88188	NA	6347	CCL2	-0.2506	0.239
LINCSCP_88188	NA	23597	ACOT9	0.3603	0.2397
LINCSCP_88188	NA	22905	EPN2	-0.2581	0.24
LINCSCP_88188	NA	3454	IFNAR1	-0.3168	0.2403
LINCSCP_88188	NA	6599	SMARCC1	0.6249	0.2414
LINCSCP_88188	NA	9695	EDEM1	2.5465	0.2426
LINCSCP_88188	NA	79174	CRELD2	-0.3442	0.2438
LINCSCP_88188	NA	80746	TSEN2	-0.4549	0.2466
LINCSCP_88188	NA	2817	GPC1	0.2797	0.248
LINCSCP_88188	NA	8914	TIMELESS	-0.3414	0.2493
LINCSCP_88188	NA	9710	KIAA0355	0.5341	0.2505
LINCSCP_88188	NA	6804	STX1A	0.3248	0.2509
LINCSCP_88188	NA	10670	RRAGA	0.2443	0.2516
LINCSCP_88188	NA	5468	PPARG	3.4514	0.2524
LINCSCP_88188	NA	5792	PTPRF	-0.3801	0.2524
LINCSCP_88188	NA	23142	DCUN1D4	-0.6346	0.2527
LINCSCP_88188	NA	11137	PWP1	-0.2513	0.2532
LINCSCP_88188	NA	1788	DNMT3A	-0.2432	0.2542
LINCSCP_88188	NA	4200	ME2	-0.3758	0.2546
LINCSCP_88188	NA	5836	PYGL	-0.3305	0.2549
LINCSCP_88188	NA	23670	TMEM2	0.2678	0.2564
LINCSCP_88188	NA	4836	NMT1	0.3042	0.2571
LINCSCP_88188	NA	1759	DNM1	0.2479	0.258
LINCSCP_88188	NA	6813	STXBP2	0.3374	0.2592
LINCSCP_88188	NA	1786	DNMT1	-0.2644	0.2602
LINCSCP_88188	NA	5898	RALA	0.3766	0.2633
LINCSCP_88188	NA	5986	RFNG	-0.2682	0.2639
LINCSCP_88188	NA	10434	LYPLA1	0.3122	0.2645
LINCSCP_88188	NA	596	BCL2	0.4594	0.2646
LINCSCP_88188	NA	8091	HMGA2	-0.5355	0.2651
LINCSCP_88188	NA	26128	KIF1BP	-0.3524	0.2683
LINCSCP_88188	NA	6908	TBP	-0.4338	0.2693
LINCSCP_88188	NA	9531	BAG3	0.2341	0.2693
LINCSCP_88188	NA	9375	TM9SF2	0.3014	0.2704
LINCSCP_88188	NA	51422	PRKAG2	0.2811	0.2707
LINCSCP_88188	NA	3300	DNAJB2	0.7492	0.2711
LINCSCP_88188	NA	7398	USP1	0.2581	0.2723
LINCSCP_88188	NA	94239	H2AFV	0.2281	0.2727
LINCSCP_88188	NA	960	CD44	-0.2766	0.2761
LINCSCP_88188	NA	9897	KIAA0196	0.3755	0.2767
LINCSCP_88188	NA	23658	LSM5	-0.2915	0.2774
LINCSCP_88188	NA	9491	PSMF1	-0.3124	0.2784
LINCSCP_88188	NA	7866	IFRD2	0.2471	0.2791
LINCSCP_88188	NA	5997	RGS2	1.652	0.2802
LINCSCP_88188	NA	5641	LGMN	0.2278	0.2803
LINCSCP_88188	NA	10557	RPP38	-0.4475	0.2803
LINCSCP_88188	NA	1029	CDKN2A	0.3535	0.2812
LINCSCP_88188	NA	4775	NFATC3	0.3596	0.2818
LINCSCP_88188	NA	142	PARP1	-0.2642	0.2827
LINCSCP_88188	NA	3775	KCNK1	0.4355	0.2827
LINCSCP_88188	NA	10153	CEBPZ	-0.7829	0.2835
LINCSCP_88188	NA	5627	PROS1	0.461	0.2859
LINCSCP_88188	NA	6659	SOX4	-0.2824	0.2874
LINCSCP_88188	NA	6284	S100A13	-0.2718	0.288
LINCSCP_88188	NA	51021	MRPS16	0.3046	0.2883
LINCSCP_88188	NA	2274	FHL2	-0.2364	0.2889
LINCSCP_88188	NA	2553	GABPB1	0.5247	0.2892
LINCSCP_88188	NA	54505	DHX29	0.248	0.2893
LINCSCP_88188	NA	5777	PTPN6	-0.5754	0.2909
LINCSCP_88188	NA	2017	CTTN	0.2975	0.2921
LINCSCP_88188	NA	79143	MBOAT7	0.3689	0.2956
LINCSCP_88188	NA	55127	HEATR1	-0.3131	0.2958
LINCSCP_88188	NA	9246	UBE2L6	0.5505	0.296
LINCSCP_88188	NA	501	ALDH7A1	-0.2521	0.2983
LINCSCP_88188	NA	1514	CTSL	-0.3619	0.2985
LINCSCP_88188	NA	51293	CD320	-0.2901	0.2986
LINCSCP_88188	NA	26511	CHIC2	0.2604	0.2993
LINCSCP_88188	NA	10668	CGRRF1	0.6544	0.3004
LINCSCP_88188	NA	3383	ICAM1	-0.213	0.3011
LINCSCP_88188	NA	57149	LYRM1	-0.3589	0.3012
LINCSCP_88188	NA	200081	TXLNA	0.4065	0.3038
LINCSCP_88188	NA	25805	BAMBI	-0.2063	0.3045
LINCSCP_88188	NA	23365	ARHGEF12	0.2973	0.3051
LINCSCP_88188	NA	9181	ARHGEF2	0.6553	0.3063
LINCSCP_88188	NA	1212	CLTB	0.302	0.3065
LINCSCP_88188	NA	10362	HMG20B	0.2265	0.3065
LINCSCP_88188	NA	1282	COL4A1	-0.4923	0.3068
LINCSCP_88188	NA	1111	CHEK1	1.7246	0.3072
LINCSCP_88188	NA	11041	B4GAT1	0.3694	0.3074
LINCSCP_88188	NA	644	BLVRA	-0.3563	0.3077
LINCSCP_88188	NA	6790	AURKA	0.2956	0.3081
LINCSCP_88188	NA	6777	STAT5B	0.4145	0.3092
LINCSCP_88188	NA	2548	GAA	0.2177	0.311
LINCSCP_88188	NA	4860	PNP	0.2783	0.3136
LINCSCP_88188	NA	10845	CLPX	0.4398	0.3141
LINCSCP_88188	NA	6919	TCEA2	0.3251	0.3148
LINCSCP_88188	NA	80758	PRR7	-0.21	0.316
LINCSCP_88188	NA	2184	FAH	0.2696	0.317
LINCSCP_88188	NA	6676	SPAG4	1.3766	0.3173
LINCSCP_88188	NA	1802	DPH2	0.207	0.3175
LINCSCP_88188	NA	6597	SMARCA4	-0.36870000000000003	0.3181
LINCSCP_88188	NA	8895	CPNE3	-0.2253	0.3185
LINCSCP_88188	NA	1213	CLTC	0.2595	0.3189
LINCSCP_88188	NA	23139	MAST2	0.2142	0.3199
LINCSCP_88188	NA	10112	KIF20A	-0.463	0.32
LINCSCP_88188	NA	10206	TRIM13	-0.2476	0.32
LINCSCP_88188	NA	57019	CIAPIN1	-0.3712	0.3235
LINCSCP_88188	NA	983	CDK1	-0.2774	0.3235
LINCSCP_88188	NA	6856	SYPL1	0.3278	0.3236
LINCSCP_88188	NA	2954	GSTZ1	1.0806	0.325
LINCSCP_88188	NA	29890	RBM15B	-0.2391	0.3252
LINCSCP_88188	NA	5331	PLCB3	0.9745	0.3257
LINCSCP_88188	NA	54438	GFOD1	-0.344	0.3261
LINCSCP_88188	NA	51071	DERA	-0.2722	0.327
LINCSCP_88188	NA	813	CALU	-0.3642	0.3284
LINCSCP_88188	NA	4172	MCM3	-0.2528	0.3284
LINCSCP_88188	NA	11168	PSIP1	0.3791	0.3302
LINCSCP_88188	NA	27242	TNFRSF21	-0.3306	0.3312
LINCSCP_88188	NA	10606	PAICS	0.2094	0.3336
LINCSCP_88188	NA	1666	DECR1	0.2564	0.3345
LINCSCP_88188	NA	80212	CCDC92	0.2124	0.3356
LINCSCP_88188	NA	3909	LAMA3	0.3339	0.338
LINCSCP_88188	NA	5900	RALGDS	0.3294	0.3388
LINCSCP_88188	NA	11098	PRSS23	0.2184	0.3391
LINCSCP_88188	NA	64781	CERK	1.1075	0.3393
LINCSCP_88188	NA	4927	NUP88	-0.2363	0.3402
LINCSCP_88188	NA	27095	TRAPPC3	0.1932	0.3404
LINCSCP_88188	NA	50810	HDGFRP3	0.8141	0.342
LINCSCP_88188	NA	23061	TBC1D9B	-0.5567	0.3422
LINCSCP_88188	NA	55129	ANO10	-0.2081	0.3432
LINCSCP_88188	NA	57406	ABHD6	-0.3202	0.344
LINCSCP_88188	NA	6696	SPP1	0.3877	0.3463
LINCSCP_88188	NA	1027	CDKN1B	-0.8754	0.3478
LINCSCP_88188	NA	9270	ITGB1BP1	-1.8121	0.3507
LINCSCP_88188	NA	1950	EGF	0.1862	0.3511
LINCSCP_88188	NA	6499	SKIV2L	0.1943	0.3526
LINCSCP_88188	NA	2582	GALE	-0.2754	0.3528
LINCSCP_88188	NA	27244	SESN1	-0.2763	0.353
LINCSCP_88188	NA	5889	RAD51C	0.3102	0.3533
LINCSCP_88188	NA	9702	CEP57	-0.3259	0.3549
LINCSCP_88188	NA	11261	CHP1	-0.2667	0.3573
LINCSCP_88188	NA	1677	DFFB	-0.2005	0.358
LINCSCP_88188	NA	4125	MAN2B1	-0.2785	0.3583
LINCSCP_88188	NA	780	DDR1	0.22	0.3584
LINCSCP_88188	NA	64080	RBKS	-0.2534	0.3585
LINCSCP_88188	NA	4776	NFATC4	0.2377	0.3587
LINCSCP_88188	NA	6944	VPS72	-0.3176	0.3596
LINCSCP_88188	NA	26993	AKAP8L	0.3098	0.3606
LINCSCP_88188	NA	466	ATF1	0.2145	0.3612
LINCSCP_88188	NA	10523	CHERP	-0.2722	0.3626
LINCSCP_88188	NA	4616	GADD45B	0.1853	0.3648
LINCSCP_88188	NA	3416	IDE	0.1958	0.3648
LINCSCP_88188	NA	57804	POLD4	1.2109	0.3664
LINCSCP_88188	NA	9517	SPTLC2	1.1937	0.3666
LINCSCP_88188	NA	7494	XBP1	0.2824	0.3672
LINCSCP_88188	NA	1956	EGFR	-0.3077	0.369
LINCSCP_88188	NA	5357	PLS1	0.3725	0.3695
LINCSCP_88188	NA	23097	CDK19	-0.1925	0.3696
LINCSCP_88188	NA	51070	NOSIP	-1.467	0.3701
LINCSCP_88188	NA	10123	ARL4C	-0.2273	0.3706
LINCSCP_88188	NA	3486	IGFBP3	-0.1967	0.3708
LINCSCP_88188	NA	23326	USP22	0.2289	0.3713
LINCSCP_88188	NA	2956	MSH6	0.4673	0.3717
LINCSCP_88188	NA	6275	S100A4	-0.408	0.3725
LINCSCP_88188	NA	4303	FOXO4	0.181	0.3729
LINCSCP_88188	NA	1891	ECH1	0.1985	0.3736
LINCSCP_88188	NA	11065	UBE2C	0.2688	0.3744
LINCSCP_88188	NA	23463	ICMT	-0.2773	0.3765
LINCSCP_88188	NA	51097	SCCPDH	0.2712	0.3771
LINCSCP_88188	NA	6500	SKP1	0.3292	0.3782
LINCSCP_88188	NA	4893	NRAS	0.3149	0.3788
LINCSCP_88188	NA	5827	PXMP2	0.1951	0.3866
LINCSCP_88188	NA	55699	IARS2	-0.1704	0.3888
LINCSCP_88188	NA	11011	TLK2	0.2377	0.3891
LINCSCP_88188	NA	56924	PAK6	-0.3823	0.3891
LINCSCP_88188	NA	10813	UTP14A	0.4282	0.3908
LINCSCP_88188	NA	5018	OXA1L	0.245	0.3923
LINCSCP_88188	NA	6990	DYNLT3	0.2294	0.3932
LINCSCP_88188	NA	10921	RNPS1	-0.3766	0.3936
LINCSCP_88188	NA	55256	ADI1	-0.1673	0.394
LINCSCP_88188	NA	9124	PDLIM1	0.2726	0.3964
LINCSCP_88188	NA	10775	POP4	0.2452	0.3971
LINCSCP_88188	NA	6251	RSU1	0.1681	0.3973
LINCSCP_88188	NA	60493	FASTKD5	-0.2872	0.3991
LINCSCP_88188	NA	4154	MBNL1	0.3253	0.3998
LINCSCP_88188	NA	10559	SLC35A1	-0.2657	0.4012
LINCSCP_88188	NA	9289	ADGRG1	0.1991	0.4021
LINCSCP_88188	NA	10589	DRAP1	-0.167	0.4027
LINCSCP_88188	NA	5498	PPOX	-0.2316	0.4037
LINCSCP_88188	NA	840	CASP7	0.1795	0.4046
LINCSCP_88188	NA	3611	ILK	0.1883	0.4047
LINCSCP_88188	NA	5580	PRKCD	0.2776	0.4052
LINCSCP_88188	NA	8720	MBTPS1	0.2749	0.4073
LINCSCP_88188	NA	637	BID	-0.2457	0.4097
LINCSCP_88188	NA	323	APBB2	-0.1984	0.4111
LINCSCP_88188	NA	23223	RRP12	0.1843	0.4111
LINCSCP_88188	NA	899	CCNF	1.1629	0.4125
LINCSCP_88188	NA	58472	SQRDL	0.2097	0.4151
LINCSCP_88188	NA	427	ASAH1	-0.3349	0.4152
LINCSCP_88188	NA	22841	RAB11FIP2	0.1792	0.4165
LINCSCP_88188	NA	2065	ERBB3	-0.5019	0.4171
LINCSCP_88188	NA	6709	SPTAN1	-0.1602	0.4184
LINCSCP_88188	NA	2920	CXCL2	0.1984	0.4204
LINCSCP_88188	NA	6909	TBX2	-0.3224	0.4217
LINCSCP_88188	NA	25	ABL1	0.2509	0.422
LINCSCP_88188	NA	9847	C2CD5	0.2438	0.4226
LINCSCP_88188	NA	5054	SERPINE1	0.1936	0.4273
LINCSCP_88188	NA	10695	CNPY3	0.2325	0.4311
LINCSCP_88188	NA	10058	ABCB6	-0.2869	0.4315
LINCSCP_88188	NA	4851	NOTCH1	-0.1645	0.4328
LINCSCP_88188	NA	23011	RAB21	-0.3758	0.4344
LINCSCP_88188	NA	2597	GAPDH	-1.5371	0.4353
LINCSCP_88188	NA	11319	ECD	-0.1545	0.4366
LINCSCP_88188	NA	3315	HSPB1	0.1547	0.4397
LINCSCP_88188	NA	7690	ZNF131	0.1917	0.4423
LINCSCP_88188	NA	695	BTK	0.2159	0.446
LINCSCP_88188	NA	7020	TFAP2A	-0.1827	0.4469
LINCSCP_88188	NA	22883	CLSTN1	0.2102	0.4507
LINCSCP_88188	NA	1676	DFFA	-0.2336	0.4526
LINCSCP_88188	NA	8800	PEX11A	-0.2246	0.4531
LINCSCP_88188	NA	4216	MAP3K4	0.1626	0.4532
LINCSCP_88188	NA	10329	TMEM5	-0.2888	0.4549
LINCSCP_88188	NA	823	CAPN1	-0.5808	0.4555
LINCSCP_88188	NA	51282	SCAND1	0.2628	0.4558
LINCSCP_88188	NA	1050	CEBPA	0.2703	0.4594
LINCSCP_88188	NA	8518	IKBKAP	-0.2213	0.46
LINCSCP_88188	NA	9126	SMC3	-0.1592	0.4601
LINCSCP_88188	NA	1452	CSNK1A1	0.3107	0.464
LINCSCP_88188	NA	1429	CRYZ	-0.202	0.4644
LINCSCP_88188	NA	392	ARHGAP1	0.1409	0.4667
LINCSCP_88188	NA	5110	PCMT1	-0.7743	0.4679
LINCSCP_88188	NA	8202	NCOA3	-0.1746	0.4695
LINCSCP_88188	NA	51024	FIS1	-0.1705	0.4719
LINCSCP_88188	NA	672	BRCA1	0.1475	0.4723
LINCSCP_88188	NA	665	BNIP3L	-0.1686	0.4744
LINCSCP_88188	NA	2042	EPHA3	0.9774	0.4773
LINCSCP_88188	NA	4791	NFKB2	-0.1732	0.4778
LINCSCP_88188	NA	51569	UFM1	-0.2273	0.4788
LINCSCP_88188	NA	6443	SGCB	0.3674	0.4799
LINCSCP_88188	NA	26001	RNF167	-0.1467	0.48
LINCSCP_88188	NA	54442	KCTD5	-0.2433	0.4807
LINCSCP_88188	NA	9533	POLR1C	-0.1364	0.4808
LINCSCP_88188	NA	2946	GSTM2	0.2784	0.4836
LINCSCP_88188	NA	5710	PSMD4	0.2465	0.484
LINCSCP_88188	NA	84159	ARID5B	0.1468	0.488
LINCSCP_88188	NA	5603	MAPK13	0.2217	0.4959
LINCSCP_88188	NA	55179	FAIM	-0.1953	0.4962
LINCSCP_88188	NA	7416	VDAC1	1.351	0.4981
LINCSCP_88188	NA	2736	GLI2	-0.2146	0.5005
LINCSCP_88188	NA	5770	PTPN1	0.2294	0.5029
LINCSCP_88188	NA	9697	TRAM2	0.1918	0.5048
LINCSCP_88188	NA	23410	SIRT3	-0.2643	0.5071
LINCSCP_88188	NA	387	RHOA	-0.1976	0.5071
LINCSCP_88188	NA	5613	PRKX	-0.1579	0.5076
LINCSCP_88188	NA	7082	TJP1	-0.2999	0.5103
LINCSCP_88188	NA	25987	TSKU	0.2022	0.5105
LINCSCP_88188	NA	10099	TSPAN3	0.235	0.513
LINCSCP_88188	NA	4793	NFKBIB	-0.1452	0.5151
LINCSCP_88188	NA	5300	PIN1	-0.2234	0.5167
LINCSCP_88188	NA	84722	PSRC1	0.1311	0.5175
LINCSCP_88188	NA	994	CDC25B	0.1337	0.5207
LINCSCP_88188	NA	9928	KIF14	0.1524	0.522
LINCSCP_88188	NA	51635	DHRS7	-0.2603	0.5236
LINCSCP_88188	NA	91137	SLC25A46	0.1676	0.5245
LINCSCP_88188	NA	3895	KTN1	-0.1692	0.5249
LINCSCP_88188	NA	51160	VPS28	0.3633	0.5265
LINCSCP_88188	NA	55012	PPP2R3C	0.123	0.5313
LINCSCP_88188	NA	85236	HIST1H2BK	0.5329	0.5347
LINCSCP_88188	NA	2961	GTF2E2	0.1357	0.5347
LINCSCP_88188	NA	9488	PIGB	0.2377	0.5372
LINCSCP_88188	NA	8444	DYRK3	0.7519	0.5383
LINCSCP_88188	NA	10451	VAV3	-0.2302	0.5391
LINCSCP_88188	NA	3091	HIF1A	0.2875	0.5407
LINCSCP_88188	NA	60528	ELAC2	-0.143	0.5412
LINCSCP_88188	NA	8821	INPP4B	0.1454	0.5464
LINCSCP_88188	NA	2309	FOXO3	-0.2481	0.5465
LINCSCP_88188	NA	3122	HLA-DRA	0.4526	0.547
LINCSCP_88188	NA	22794	CASC3	0.1519	0.5477
LINCSCP_88188	NA	7466	WFS1	-0.1212	0.54990000000000006
LINCSCP_88188	NA	1070	CETN3	-0.1858	0.5527
LINCSCP_88188	NA	4609	MYC	0.1145	0.5532
LINCSCP_88188	NA	1534	CYB561	-0.1356	0.5537
LINCSCP_88188	NA	5607	MAP2K5	0.1133	0.5601
LINCSCP_88188	NA	54807	ZNF586	-0.2151	0.5601
LINCSCP_88188	NA	5261	PHKG2	0.2028	0.5602
LINCSCP_88188	NA	22934	RPIA	0.248	0.562
LINCSCP_88188	NA	9712	USP6NL	0.7137	0.5634
LINCSCP_88188	NA	7153	TOP2A	-0.1157	0.5638
LINCSCP_88188	NA	5708	PSMD2	-0.1105	0.5644
LINCSCP_88188	NA	66008	TRAK2	0.1933	0.5648
LINCSCP_88188	NA	5909	RAP1GAP	-0.1583	0.565
LINCSCP_88188	NA	3206	HOXA10	-0.293	0.5662
LINCSCP_88188	NA	5480	PPIC	0.2275	0.5663
LINCSCP_88188	NA	3553	IL1B	-0.1473	0.5679
LINCSCP_88188	NA	7750	ZMYM2	0.2411	0.568
LINCSCP_88188	NA	64943	NT5DC2	-0.1555	0.5696
LINCSCP_88188	NA	670	BPHL	0.2644	0.5697
LINCSCP_88188	NA	3385	ICAM3	-0.1684	0.5706
LINCSCP_88188	NA	23077	MYCBP2	0.1358	0.5732
LINCSCP_88188	NA	7538	ZFP36	0.1715	0.5736
LINCSCP_88188	NA	25825	BACE2	0.1602	0.5742
LINCSCP_88188	NA	6342	SCP2	0.1063	0.5783
LINCSCP_88188	NA	10810	WASF3	0.1986	0.5808
LINCSCP_88188	NA	7376	NR1H2	-0.1731	0.5817
LINCSCP_88188	NA	10962	MLLT11	0.1167	0.5826
LINCSCP_88188	NA	2908	NR3C1	0.1378	0.5835
LINCSCP_88188	NA	5440	POLR2K	-0.1533	0.5835
LINCSCP_88188	NA	85377	MICALL1	-0.1615	0.5842
LINCSCP_88188	NA	10049	DNAJB6	-0.1409	0.585
LINCSCP_88188	NA	6622	SNCA	-0.1505	0.5853
LINCSCP_88188	NA	3098	HK1	0.1346	0.5855
LINCSCP_88188	NA	7074	TIAM1	1.1054	0.5855
LINCSCP_88188	NA	23635	SSBP2	-0.1187	0.5877
LINCSCP_88188	NA	9053	MAP7	1.118	0.5899
LINCSCP_88188	NA	10953	TOMM34	-0.2309	0.5936
LINCSCP_88188	NA	5873	RAB27A	-0.1321	0.5942
LINCSCP_88188	NA	6304	SATB1	0.1407	0.5956
LINCSCP_88188	NA	10285	SMNDC1	0.1113	0.5959
LINCSCP_88188	NA	9097	USP14	0.1378	0.5961
LINCSCP_88188	NA	9276	COPB2	-0.104	0.5975
LINCSCP_88188	NA	1662	DDX10	0.1126	0.5992
LINCSCP_88188	NA	10782	ZNF274	-0.1194	0.5995
LINCSCP_88188	NA	4582	MUC1	0.1664	0.5996
LINCSCP_88188	NA	10818	FRS2	-0.1502	0.6026
LINCSCP_88188	NA	154	ADRB2	0.2025	0.6028
LINCSCP_88188	NA	65123	INTS3	-0.1518	0.6073
LINCSCP_88188	NA	6772	STAT1	-0.7328	0.6105
LINCSCP_88188	NA	10165	SLC25A13	0.148	0.611
LINCSCP_88188	NA	9448	MAP4K4	-0.6804	0.6136
LINCSCP_88188	NA	27109	ATP5S	-0.1723	0.6149
LINCSCP_88188	NA	23244	PDS5A	0.1053	0.6182
LINCSCP_88188	NA	79187	FSD1	-0.1457	0.6204
LINCSCP_88188	NA	51719	CAB39	0.1005	0.6229
LINCSCP_88188	NA	5720	PSME1	0.1397	0.6268
LINCSCP_88188	NA	4891	SLC11A2	-0.1205	0.6273
LINCSCP_88188	NA	23636	NUP62	0.1276	0.6301
LINCSCP_88188	NA	949	SCARB1	-0.1695	0.6306
LINCSCP_88188	NA	1870	E2F2	0.1393	0.6324
LINCSCP_88188	NA	10972	TMED10	-0.1106	0.6342
LINCSCP_88188	NA	25839	COG4	-0.1034	0.6355
LINCSCP_88188	NA	9267	CYTH1	0.0978	0.6395
LINCSCP_88188	NA	54623	PAF1	-0.2066	0.6399
LINCSCP_88188	NA	5921	RASA1	0.12	0.6424
LINCSCP_88188	NA	8607	RUVBL1	0.0956	0.6439
LINCSCP_88188	NA	64422	ATG3	0.1589	0.6469
LINCSCP_88188	NA	8503	PIK3R3	0.1013	0.6473
LINCSCP_88188	NA	11188	NISCH	0.138	0.6476
LINCSCP_88188	NA	9738	CCP110	0.2934	0.6483
LINCSCP_88188	NA	2131	EXT1	-0.0901	0.6537
LINCSCP_88188	NA	10150	MBNL2	0.193	0.6557
LINCSCP_88188	NA	51495	HACD3	-0.0898	0.6563
LINCSCP_88188	NA	10276	NET1	-0.1612	0.6579
LINCSCP_88188	NA	11014	KDELR2	-0.1427	0.6596
LINCSCP_88188	NA	57215	THAP11	-0.2969	0.6599
LINCSCP_88188	NA	79170	PRR15L	0.5746	0.6606
LINCSCP_88188	NA	7088	TLE1	0.1325	0.6612
LINCSCP_88188	NA	23224	SYNE2	-0.1181	0.6615
LINCSCP_88188	NA	642	BLMH	0.1001	0.6715
LINCSCP_88188	NA	10954	PDIA5	-0.2013	0.6728
LINCSCP_88188	NA	51015	ISOC1	-0.1409	0.6735
LINCSCP_88188	NA	5223	PGAM1	0.1234	0.6735
LINCSCP_88188	NA	29763	PACSIN3	-0.1453	0.674
LINCSCP_88188	NA	10525	HYOU1	0.2099	0.6767
LINCSCP_88188	NA	533	ATP6V0B	0.0813	0.6781
LINCSCP_88188	NA	29928	TIMM22	0.154	0.6793
LINCSCP_88188	NA	57761	TRIB3	0.0954	0.6805
LINCSCP_88188	NA	3251	HPRT1	-0.0873	0.6816
LINCSCP_88188	NA	11325	DDX42	-0.0875	0.6836
LINCSCP_88188	NA	8837	CFLAR	0.0958	0.6856
LINCSCP_88188	NA	9924	PAN2	-0.0942	0.6858
LINCSCP_88188	NA	2113	ETS1	0.1069	0.692
LINCSCP_88188	NA	10038	PARP2	-0.0989	0.6924
LINCSCP_88188	NA	2767	GNA11	0.1388	0.6933
LINCSCP_88188	NA	7874	USP7	0.0962	0.6933
LINCSCP_88188	NA	291	SLC25A4	0.1104	0.6989
LINCSCP_88188	NA	4792	NFKBIA	0.0758	0.6994
LINCSCP_88188	NA	5899	RALB	-0.1068	0.6995
LINCSCP_88188	NA	26292	MYCBP	0.1381	0.7014
LINCSCP_88188	NA	310	ANXA7	-0.0723	0.704
LINCSCP_88188	NA	51026	GOLT1B	0.1122	0.7041
LINCSCP_88188	NA	6832	SUPV3L1	-0.1073	0.7045
LINCSCP_88188	NA	84890	ADO	-0.088	0.7045
LINCSCP_88188	NA	256364	EML3	-0.0984	0.7058
LINCSCP_88188	NA	2048	EPHB2	-0.1136	0.7087
LINCSCP_88188	NA	2625	GATA3	-0.0817	0.7143
LINCSCP_88188	NA	51203	NUSAP1	-0.1042	0.7161
LINCSCP_88188	NA	10320	IKZF1	0.1121	0.7167
LINCSCP_88188	NA	6193	RPS5	0.107	0.7188
LINCSCP_88188	NA	5427	POLE2	0.0717	0.7207
LINCSCP_88188	NA	7158	TP53BP1	-0.1233	0.7231
LINCSCP_88188	NA	5111	PCNA	-0.0737	0.7246
LINCSCP_88188	NA	5050	PAFAH1B3	0.1702	0.7262
LINCSCP_88188	NA	55847	CISD1	0.1093	0.7304
LINCSCP_88188	NA	29083	GTPBP8	-0.0669	0.7314
LINCSCP_88188	NA	3312	HSPA8	-0.081	0.7331
LINCSCP_88188	NA	10973	ASCC3	0.0663	0.7337
LINCSCP_88188	NA	2896	GRN	-0.0836	0.7375
LINCSCP_88188	NA	10237	SLC35B1	-0.0773	0.7416
LINCSCP_88188	NA	6118	RPA2	-0.0659	0.7427
LINCSCP_88188	NA	991	CDC20	0.0735	0.7429
LINCSCP_88188	NA	4482	MSRA	-0.1274	0.744
LINCSCP_88188	NA	2115	ETV1	0.0928	0.7442
LINCSCP_88188	NA	10491	CRTAP	0.0881	0.7474
LINCSCP_88188	NA	54205	CYCS	-0.0717	0.7474
LINCSCP_88188	NA	9016	SLC25A14	0.1462	0.748
LINCSCP_88188	NA	3566	IL4R	-0.101	0.7503
LINCSCP_88188	NA	6810	STX4	-0.0797	0.7514
LINCSCP_88188	NA	11230	PRAF2	-0.0824	0.7541
LINCSCP_88188	NA	23585	TMEM50A	-0.0797	0.7563
LINCSCP_88188	NA	1983	EIF5	0.0645	0.757
LINCSCP_88188	NA	2770	GNAI1	0.1045	0.7581
LINCSCP_88188	NA	51465	UBE2J1	-0.1402	0.7638
LINCSCP_88188	NA	1001	CDH3	0.3385	0.7667
LINCSCP_88188	NA	2356	FPGS	-0.2072	0.7669
LINCSCP_88188	NA	3597	IL13RA1	0.0882	0.7678
LINCSCP_88188	NA	5289	PIK3C3	0.1311	0.7682
LINCSCP_88188	NA	55324	ABCF3	0.0747	0.7694
LINCSCP_88188	NA	23212	RRS1	0.0604	0.7698
LINCSCP_88188	NA	58533	SNX6	-0.0802	0.7702
LINCSCP_88188	NA	22823	MTF2	-0.0806	0.7784
LINCSCP_88188	NA	79716	NPEPL1	-0.0699	0.7798
LINCSCP_88188	NA	2745	GLRX	-0.056	0.7804
LINCSCP_88188	NA	7485	WRB	-0.0927	0.7804
LINCSCP_88188	NA	26136	TES	0.0605	0.7808
LINCSCP_88188	NA	55837	EAPP	-0.0677	0.781
LINCSCP_88188	NA	6194	RPS6	0.055	0.7827
LINCSCP_88188	NA	79921	TCEAL4	-0.0543	0.7831
LINCSCP_88188	NA	10652	YKT6	0.095	0.7833
LINCSCP_88188	NA	116832	RPL39L	0.053900000000000003	0.7864
LINCSCP_88188	NA	1906	EDN1	-0.0499	0.7903
LINCSCP_88188	NA	5880	RAC2	0.0521	0.7903
LINCSCP_88188	NA	2958	GTF2A2	-0.0593	0.7907
LINCSCP_88188	NA	3033	HADH	0.0552	0.795
LINCSCP_88188	NA	90861	HN1L	-0.0486	0.7966
LINCSCP_88188	NA	79090	TRAPPC6A	0.0583	0.7989
LINCSCP_88188	NA	3480	IGF1R	-0.0946	0.8034
LINCSCP_88188	NA	11232	POLG2	-0.061	0.8037
LINCSCP_88188	NA	5982	RFC2	0.0992	0.8038
LINCSCP_88188	NA	10227	MFSD10	-0.0842	0.8065
LINCSCP_88188	NA	1848	DUSP6	0.0522	0.8124
LINCSCP_88188	NA	7165	TPD52L2	0.052	0.8128
LINCSCP_88188	NA	3551	IKBKB	0.053	0.8152
LINCSCP_88188	NA	10898	CPSF4	0.0456	0.8167
LINCSCP_88188	NA	9217	VAPB	-0.0632	0.8196
LINCSCP_88188	NA	54881	TEX10	-0.0641	0.8198
LINCSCP_88188	NA	8727	CTNNAL1	0.062	0.8246
LINCSCP_88188	NA	1633	DCK	-0.0448	0.8246
LINCSCP_88188	NA	22827	PUF60	0.1204	0.8267
LINCSCP_88188	NA	8553	BHLHE40	0.0654	0.8276
LINCSCP_88188	NA	7905	REEP5	0.0807	0.8299
LINCSCP_88188	NA	5438	POLR2I	-0.0418	0.8305
LINCSCP_88188	NA	10969	EBNA1BP2	-0.0476	0.8312
LINCSCP_88188	NA	5092	PCBD1	-0.064	0.8329
LINCSCP_88188	NA	5925	RB1	0.041	0.8339
LINCSCP_88188	NA	6184	RPN1	0.0605	0.8343
LINCSCP_88188	NA	1465	CSRP1	0.0401	0.8359
LINCSCP_88188	NA	63874	ABHD4	-0.0418	0.837
LINCSCP_88188	NA	873	CBR1	-0.0379	0.8407
LINCSCP_88188	NA	1981	EIF4G1	0.0637	0.8415
LINCSCP_88188	NA	50813	COPS7A	0.0369	0.8461
LINCSCP_88188	NA	5721	PSME2	0.0496	0.8479
LINCSCP_88188	NA	8804	CREG1	-0.0696	0.8498
LINCSCP_88188	NA	23300	ATMIN	0.0388	0.8514
LINCSCP_88188	NA	3202	HOXA5	-0.048	0.8524
LINCSCP_88188	NA	9128	PRPF4	0.0565	0.8528
LINCSCP_88188	NA	8985	PLOD3	0.0564	0.8537
LINCSCP_88188	NA	6603	SMARCD2	0.0568	0.8539
LINCSCP_88188	NA	63933	MCUR1	0.0709	0.855
LINCSCP_88188	NA	23076	RRP1B	-0.0669	0.8557
LINCSCP_88188	NA	1385	CREB1	0.0538	0.8559
LINCSCP_88188	NA	5423	POLB	0.0407	0.8607
LINCSCP_88188	NA	1123	CHN1	-0.0499	0.8614
LINCSCP_88188	NA	4208	MEF2C	-0.0349	0.8615
LINCSCP_88188	NA	2852	GPER1	0.3772	0.8618
LINCSCP_88188	NA	9926	LPGAT1	0.0395	0.86240000000000006
LINCSCP_88188	NA	965	CD58	-0.0328	0.8634
LINCSCP_88188	NA	55608	ANKRD10	-0.0803	0.8666
LINCSCP_88188	NA	91949	COG7	-0.0477	0.8674
LINCSCP_88188	NA	976	ADGRE5	0.0429	0.8681
LINCSCP_88188	NA	7048	TGFBR2	-0.0355	0.8684
LINCSCP_88188	NA	55148	UBR7	0.0566	0.872
LINCSCP_88188	NA	3682	ITGAE	0.0405	0.8722
LINCSCP_88188	NA	10765	KDM5B	0.0581	0.8737
LINCSCP_88188	NA	23659	PLA2G15	0.0345	0.8746
LINCSCP_88188	NA	5154	PDGFA	0.0604	0.8752
LINCSCP_88188	NA	11004	KIF2C	0.0434	0.8812
LINCSCP_88188	NA	83743	GRWD1	0.0548	0.8825
LINCSCP_88188	NA	29916	SNX11	-0.0404	0.8831
LINCSCP_88188	NA	2673	GFPT1	0.045	0.8852
LINCSCP_88188	NA	10318	TNIP1	0.0396	0.887
LINCSCP_88188	NA	8574	AKR7A2	-0.0487	0.8903
LINCSCP_88188	NA	6464	SHC1	0.0319	0.8908
LINCSCP_88188	NA	54915	YTHDF1	-0.0415	0.894
LINCSCP_88188	NA	9833	MELK	0.132	0.8943
LINCSCP_88188	NA	3800	KIF5C	-0.0447	0.897
LINCSCP_88188	NA	30001	ERO1L	0.0294	0.8979
LINCSCP_88188	NA	8996	NOL3	-0.0301	0.8997
LINCSCP_88188	NA	3978	LIG1	0.0472	0.9
LINCSCP_88188	NA	80349	WDR61	0.0452	0.9024
LINCSCP_88188	NA	23522	KAT6B	0.0378	0.9065
LINCSCP_88188	NA	9988	DMTF1	-0.0477	0.9074
LINCSCP_88188	NA	93487	MAPK1IP1L	0.0228	0.9074
LINCSCP_88188	NA	26020	LRP10	-0.0253	0.9158
LINCSCP_88188	NA	332	BIRC5	0.0257	0.9181
LINCSCP_88188	NA	9552	SPAG7	-0.0214	0.9205
LINCSCP_88188	NA	79073	TMEM109	-0.0251	0.9223
LINCSCP_88188	NA	10904	BLCAP	-0.0353	0.9256
LINCSCP_88188	NA	55604	LRRC16A	0.0273	0.926
LINCSCP_88188	NA	4651	MYO10	-0.0283	0.9273
LINCSCP_88188	NA	55620	STAP2	0.0232	0.9279
LINCSCP_88188	NA	5699	PSMB10	0.0381	0.9334
LINCSCP_88188	NA	10513	APPBP2	0.0189	0.9351
LINCSCP_88188	NA	4043	LRPAP1	0.018	0.9354
LINCSCP_88188	NA	2778	GNAS	-0.0204	0.936
LINCSCP_88188	NA	808	CALM3	-0.0362	0.9367
LINCSCP_88188	NA	9275	BCL7B	0.042	0.9392
LINCSCP_88188	NA	5716	PSMD10	0.0228	0.9398
LINCSCP_88188	NA	874	CBR3	0.0229	0.941
LINCSCP_88188	NA	8480	RAE1	-0.0178	0.9415
LINCSCP_88188	NA	9917	FAM20B	-0.0246	0.9423
LINCSCP_88188	NA	5566	PRKACA	-0.0284	0.9434
LINCSCP_88188	NA	9019	MPZL1	0.0248	0.9435
LINCSCP_88188	NA	7043	TGFB3	0.024	0.9473
LINCSCP_88188	NA	55111	PLEKHJ1	-0.0145	0.9496
LINCSCP_88188	NA	6915	TBXA2R	-0.0244	0.9517
LINCSCP_88188	NA	9943	OXSR1	-0.0111	0.9526
LINCSCP_88188	NA	102	ADAM10	-0.0118	0.9541
LINCSCP_88188	NA	8318	CDC45	0.0109	0.9554
LINCSCP_88188	NA	7511	XPNPEP1	0.0158	0.9566
LINCSCP_88188	NA	5108	PCM1	-0.018	0.9584
LINCSCP_88188	NA	5588	PRKCQ	-0.01	0.961
LINCSCP_88188	NA	835	CASP2	-0.0165	0.9622
LINCSCP_88188	NA	11151	CORO1A	0.0119	0.9623
LINCSCP_88188	NA	23647	ARFIP2	-0.0119	0.963
LINCSCP_88188	NA	5829	PXN	-0.0093	0.9666
LINCSCP_88188	NA	5255	PHKA1	-0.014	0.967
LINCSCP_88188	NA	6461	SHB	-0.0185	0.9678
LINCSCP_88188	NA	1017	CDK2	0.0089	0.9695
LINCSCP_88188	NA	22889	KIAA0907	0.0088	0.9701
LINCSCP_88188	NA	65057	ACD	-0.0089	0.9706
LINCSCP_88188	NA	147179	WIPF2	0.0148	0.971
LINCSCP_88188	NA	9690	UBE3C	0.0096	0.9726
LINCSCP_88188	NA	9261	MAPKAPK2	0.0103	0.973
LINCSCP_88188	NA	9854	C2CD2L	0.0064	0.9743
LINCSCP_88188	NA	3482	IGF2R	0.0075	0.9751
LINCSCP_88188	NA	8624	PSMG1	0.0057	0.9779
LINCSCP_88188	NA	29103	DNAJC15	-0.0065	0.9795
LINCSCP_88188	NA	11142	PKIG	-0.0078	0.9799
LINCSCP_88188	NA	9688	NUP93	-0.0071	0.9805
LINCSCP_88188	NA	9467	SH3BP5	-0.0046	0.9811
LINCSCP_88188	NA	26054	SENP6	-0.0052	0.9814
LINCSCP_88188	NA	3028	HSD17B10	-0.0067	0.9822
LINCSCP_88188	NA	9133	CCNB2	-0.0042	0.9829
LINCSCP_88188	NA	80204	FBXO11	-0.0072	0.9838
LINCSCP_88188	NA	8204	NRIP1	-0.0044	0.984
LINCSCP_88188	NA	8884	SLC5A6	-0.0062	0.9847
LINCSCP_88188	NA	375346	TMEM110	0.0034	0.9863
LINCSCP_88188	NA	9918	NCAPD2	-0.0028	0.9914
LINCSCP_88188	NA	8731	RNMT	-0.002	0.9951
LINCSCP_88188	NA	7867	MAPKAPK3	9e-4	0.9978
LINCSCP_88188	NA	6793	STK10	-5e-4	0.9986
LINCSCP_88188	NA	4282	MIF	1e-4	0.9995
LINCSCP_88188	NA	9221	NOLC1	0	0.9999
LINCSCP_88188	NA	25932	CLIC4	0	1
